 FAA 
FILE : C:\CONE171\RAWDATA\981216A8.CDT
------------------------------------------------------------------------
 Test Parameters 

Test Date : 16-Dec-98  Test Time : 04:38 p.m.  Operator  : SG

"Test Scans          :   537 scans, 1 secs/scan"
Test Length         :   417.22 secs
Sample Surface Area : 0.00880 mý
Radiant Heat Flux   :  50.0 kW/mý
Sample Orientation  : Horizontal
Measured Exh. Flow  : 0.006 m3/sec
Orifice Plate       : 29 mm

Sponsor             : 
  FAA
Sample Material     : 
  Mylar
 Test Notes 

Pre-test Comments:
"Mylar AN 49R, 2 inch with green Fiberglass"
at 50 kW/m2.

Post-test Comments:
 Reduction Parameters 

C-Factor (Methane)   : 0.01246388
Conversion Factor    :  13.100 MJ/kg O2
Baseline O2 Reading  :  20.958 %
Baseline CO2 Reading : 0.05137 %
Baseline CO Reading  : 0.00078 %


 Test Results 

Peak Heat Release Rate         :   115.97 kW/mý at 22.00 secs
Average Heat Release Rate      :     7.25 kW/mý
Average Heat Release Rate  T60 :    28.66 kW/mý
Average Heat Release Rate  T180:    12.06 kW/mý
Average Heat Release Rate  T300:     9.01 kW/mý
Total Heat Released            :     3.01 MJ/mý
Average Effective HOC          :   -21.24 MJ/kg
Average Specific Ext Area      :  -180.67 mý/kg
Average Mass Loss Rate         : 1832.478 g/súmý																							
Entered Initial Specimen Mass  :     6.70 g																							
Measured Final Specimen Mass   :     7.95 g																							
Average CO Yield               :  0.00000 kg/kg																							
Average CO2 Yield              :  0.00002 kg/kg																							
Time to Sustained Ignition     :     3.39 secs																							


 Scan	  HRR	  HOC	  SEA	  MLR	  CO2	  CO 	Duct Mass	 Duct Vol	Smk Mass	 Smk Vol	 Mass	Ext Coef	Exh Pres	 Stack T	 Smoke T	  O2	  CO2	  CO	 Soot Fl	  Time	Aux 1	Aux 2	Aux 3
 	 (kW/m2)	 (MJ/kg) 	 (m2/kg) 	(g/s*m2)	 (kg/kg)	 (kg/kg)	 (kg/s)	  (l/s)	  (kg/s)	  (l/s)	  gm	  l/m	  Pa	  øC	  øC	   %	   %	   %	  (g/s)	  secs	 volts	 volts	 volts
0	0.1	0	0	1832.478195	0.00002	0	0.00792	7.51682	0.00829	7.86561	12.4841939	0	135.404	61.901	77.447	20.94939	0.05406	0.00078	0.00122	1	0.024414	-1.055908	-1.36673
1	0.358	0.001	0.012	344.1111926	0.00022	0	0.00807	7.65892	0.00845	8.01304	6.5572164	0.00463	140.572	61.901	77.392	20.94787	0.05675	0.00078	0.00198	2	-0.006256	-0.983429	-1.44516
2	-0.643	0	0	0	0	0	0.00782	7.42	0.00818	7.76385	7.8824816	0.0108	131.925	61.934	77.462	20.95395	0.12066	0.00827	0.00381	3	-0.020599	-0.952911	-1.484833
3	0.354	0.004	1.856	83.2959685	0.06412	0.002	0.008	7.59023	0.00837	7.94286	6.7547823	0.17129	138.069	61.883	77.447	20.94787	0.43815	0.01969	0.0032	4	-0.027924	-0.963135	-1.512299
4	-0.151	0	0	0	0	0	0.00797	7.55629	0.00833	7.90566	6.819472	0.59102	136.828	61.905	77.396	20.95091	0.94918	0.02496	0.0029	5	-0.029602	-0.974579	-1.527557
5	-0.393	0	0	0	0	0	0.00777	7.37026	0.00815	7.73042	6.8491943	2.43968	130.175	61.901	78.273	20.95243	1.23531	0.02502	0.00366	6	-0.033112	-0.951233	-1.504364
6	0.337	0	0	0	0	0	0.00762	7.23138	0.00805	7.63915	6.8789166	3.83158	125.232	62.126	81.031	20.94787	1.13495	0.02233	0.0029	7	-0.034332	-1.030121	-1.457367
7	-0.38	0	0	0	0	0	0.0075	7.13412	0.00799	7.603	6.9051422	4.18804	121.631	62.829	84.91	20.95243	0.9668	0.01975	0.0032	8	-0.034943	-1.040497	-1.420746
8	0.335	0	0	0	0	0	0.00756	7.21593	0.0081	7.73095	6.9296194	3.83004	124.092	63.76	87.805	20.94787	0.77356	0.0169	0.0032	9	-0.03418	-1.058197	-1.365204
9	0.097	0	0	0	0	0	0.00765	7.31015	0.00821	7.85337	6.9453547	2.91959	127.063	64.532	89.625	20.94939	0.61168	0.01474	0.0029	10	-0.031738	-1.083374	-1.34613
10	-0.39	0	0	0	0	0	0.0077	7.37309	0.00829	7.93656	6.9645868	2.11562	129.056	65.066	90.912	20.95243	0.49639	0.01343	0.00336	11	-0.032043	-1.0849	-1.296082
11	1.07	0	0	0	0	0	0.00769	7.37107	0.00829	7.9419	6.9785738	1.49992	128.873	65.36	91.574	20.94331	0.38529	0.01214	0.00427	12	-0.029755	-1.127777	-1.27121
12	1.806	0	0	0	0	0	0.00772	7.40233	0.00832	7.97717	6.9908124	1.15734	129.87	65.617	91.924	20.93875	0.32137	0.01175	0.00229	13	-0.027161	-1.180267	-1.326599
13	6.56	0	0	0	0	0	0.00786	7.54045	0.00847	8.1222	7.0047993	0.79471	134.733	65.691	91.832	20.90985	0.26462	0.01103	0.0032	14	-0.028229	-1.187439	-1.317139
14	14.482	0	0	0	0	0	0.00785	7.53268	0.00845	8.10808	7.0170379	0.54009	134.448	65.709	91.593	20.86119	0.22341	0.01004	0.00351	15	-0.027771	-1.174927	-1.271667
15	26.269	0	0	0	0	0	0.00768	7.37078	0.00827	7.92949	7.0240314	0.35492	128.751	65.654	91.335	20.78516	0.20071	0.00944	0.00183	16	-0.026245	-1.175537	-1.247253
16	45.165	0	0	0	0	0	0.00778	7.46408	0.00837	8.02273	7.0310249	0.27313	132.068	65.562	90.912	20.66958	0.17741	0.00917	0.00183	17	-0.025024	-1.213074	-1.252289
17	64.761	0	0	0	0	0	0.00777	7.45295	0.00834	8.00189	7.03627	0.18517	131.681	65.544	90.489	20.54641	0.17293	0.00962	0.00137	18	-0.023804	-1.237183	-1.258698
18	85.52	0	0	0	0	0	0.00784	7.5123	0.00841	8.06256	7.0415151	0.13579	133.838	65.415	90.213	20.42019	0.16218	0.00968	0.00214	19	-0.022888	-1.262207	-1.229858
19	102.657	0	0	0	0	0	0.00787	7.54096	0.00843	8.08395	7.050257	0.11573	134.875	65.378	89.754	20.31526	0.15501	0.00977	0.00214	20	-0.023041	-1.242371	-1.194
20	110.575	0	0	0	0	0	0.00773	7.40277	0.00828	7.93436	7.0555021	0.0895	130.013	65.286	89.588	20.25291	0.14486	0.00965	0.00229	21	-0.023193	-1.232605	-1.199799
21	115.968	0	0	0	0	0	0.00777	7.44182	0.00832	7.97147	7.0624956	0.07253	131.417	65.213	89.294	20.2225	0.13829	0.00923	0.00336	22	-0.021973	-1.237335	-1.159058
22	115.68	0	0	0	0	0	0.00795	7.61134	0.0085	8.14771	7.0694891	0.05864	137.479	65.194	89.037	20.24075	0.1359	0.00983	0.00214	23	-0.020447	-1.22818	-1.140594
23	106.012	0	0	0	0	0	0.00779	7.46402	0.00834	7.98604	7.0764825	0.02932	132.23	65.139	88.798	20.28789	0.12992	0.00968	0.00107	24	-0.019226	-1.20636	-1.087341
24	98.493	0	0	0	0	0	0.00796	7.62662	0.00851	8.15261	7.0817277	0.05401	138.069	65.102	88.43	20.34872	0.13052	0.0098	0.00198	25	-0.018921	-1.206512	-1.055908
25	83.176	0	0	0	0	0	0.00771	7.38313	0.00824	7.88955	7.0869728	0.04321	129.402	65.08	88.279	20.42627	0.12873	0.00977	0.0032	26	-0.018616	-1.210327	-1.045837
26	73.891	0	0	0	0	0	0.00784	7.50818	0.00837	8.01638	7.0922179	0.03549	133.858	64.992	87.879	20.49318	0.12544	0.00932	0.0029	27	-0.015106	-1.289368	-1.03714
27	64.331	0	0	0	0	0	0.00802	7.67738	0.00856	8.19294	7.097463	0.03395	139.982	64.937	87.64	20.56161	0.12484	0.00911	0.00305	28	-0.011749	-1.289978	-1.0672
28	51.97	0	0	0	0	0	0.00775	7.4128	0.00826	7.90987	7.0992114	0.02932	130.521	64.882	87.548	20.62548	0.12066	0.00899	0.00153	29	-0.011597	-1.271057	-1.029968
29	45.116	0	0	0	0	0	0.00773	7.40022	0.00825	7.89288	7.1044565	0.02315	130.094	64.841	87.342	20.66806	0.11917	0.00911	0.00259	30	-0.010071	-1.275635	-1.0112
30	38.352	0	0	0	0	0	0.00789	7.54673	0.00841	8.04425	7.1097016	0.02469	135.302	64.827	87.107	20.7152	0.11499	0.00902	0.00214	31	-0.010071	-1.318207	-1.014252
31	33.553	0	0	0	0	0	0.00792	7.5787	0.00844	8.07762	7.1184434	0.00463	136.482	64.749	86.993	20.74562	0.11529	0.00905	0.00244	32	-0.005493	-1.31134	-1.007996
32	29.436	0	0	0	0	0	0.00788	7.5434	0.0084	8.03386	7.1219402	0.03086	135.221	64.731	86.699	20.76995	0.11499	0.00911	0.00366	33	-0.006409	-1.338654	-1.015625
33	25.348	0	0	0	0	0	0.00792	7.58039	0.00844	8.07166	7.1324304	0.01389	136.564	64.698	86.593	20.7958	0.112	0.00857	0.0029	34	-0.00351	-1.330414	-1.004181
34	23.29	0	0	0	0	0	0.00782	7.47839	0.00832	7.9599	7.1376755	0.01852	132.942	64.624	86.372	20.80645	0.11379	0.00815	0.00336	35	-0.001984	-1.320801	-0.994415
35	20.479	0	0	0	0	0	0.00778	7.44052	0.00828	7.91717	7.1411723	0.0216	131.6	64.624	86.262	20.82317	0.1123	0.00803	0.00275	36	-0.002899	-1.341553	-1.027069
36	18.814	0	0	0	0	0	0.0078	7.45965	0.0083	7.93555	7.1411723	0.00926	132.291	64.587	86.133	20.83382	0.1123	0.00809	0.00275	37	-0.00351	-1.381073	-1.043091
37	18.275	0	0	0	0	0	0.00789	7.54082	0.00839	8.01784	7.1464174	0.01697	135.201	64.551	85.913	20.83838	0.11051	0.00809	0.00153	38	-0.001373	-1.384888	-1.040192
38	16.287	0	0	0	0	0	0.00801	7.65736	0.00851	8.14051	7.1464174	0.01543	139.412	64.551	85.858	20.85207	0.10961	0.008	0.00229	39	0.000916	-1.369934	-1.024323
39	16.087	0	0	0	0	0	0.00791	7.56132	0.00841	8.03566	7.1499141	-0.00154	135.974	64.459	85.637	20.85207	0.11051	0.00743	0.00336	40	0.000916	-1.445923	-1.030579
40	14.821	0	0	0	0	0	0.0079	7.55169	0.00839	8.02132	7.1569076	0.02469	135.628	64.459	85.453	20.85967	0.10543	0.00716	0.00305	41	0.005951	-1.447754	-1.021271
41	13.971	0	0	0	0	0	0.00784	7.49635	0.00833	7.96215	7.1604044	0.00617	133.654	64.44	85.417	20.86423	0.10424	0.0074	0.0029	42	0.005341	-1.474762	-1.048126
42	13.98	0	0	0	0	0	0.00785	7.49973	0.00833	7.96215	7.1656495	0.0108	133.797	64.385	85.196	20.86423	0.10902	0.00758	0.00275	43	0.007629	-1.469879	-1.065063
43	12.506	0	0	0	0	0	0.00785	7.50677	0.00834	7.96715	7.1691462	0.01543	134.041	64.404	85.104	20.87336	0.11021	0.00695	0.00229	44	0.005646	-1.445618	-1.033936
44	12.617	0	0	0	0	0	0.00792	7.57268	0.00841	8.03592	7.1726429	0.0108	136.421	64.363	85.009	20.87336	0.1126	0.00644	0.0032	45	0.007935	-1.511688	-1.050262
45	12.335	0	0	0	0	0	0.0079	7.55289	0.00838	8.01081	7.1778881	0.01389	135.709	64.363	84.825	20.87488	0.1117	0.00617	0.0032	46	0.012054	-1.567688	-1.052551
46	11.3	0	0	0	0	0	0.00788	7.52798	0.00835	7.98397	7.1831332	0.02469	134.814	64.367	84.811	20.88096	0.11469	0.00641	0.00214	47	0.016479	-1.569214	-1.075287
47	11.931	0	0	0	0	0	0.00797	7.61281	0.00844	8.06944	7.1848815	0	137.886	64.326	84.568	20.87792	0.11947	0.00641	0.00214	48	0.016632	-1.596222	-1.07132
48	11.168	0	0	0	0	0	0.00796	7.60642	0.00844	8.06228	7.1883783	0.02315	137.662	64.308	84.531	20.88248	0.12036	0.00638	0.00244	49	0.018463	-1.641693	-1.10199
49	11.039	0	0	0	0	0	0.00787	7.51709	0.00834	7.96766	7.191875	0.01852	134.468	64.256	84.48	20.88248	0.12096	0.00692	0.00244	50	0.021667	-1.631927	-1.120911
50	11.01	0	0	0	0	0	0.00785	7.49695	0.00832	7.9439	7.1971201	0.00154	133.756	64.238	84.351	20.88248	0.12186	0.00632	0.00397	51	0.02243	-1.665344	-1.115417
51	10.181	0	0	0	0	0	0.00797	7.6182	0.00845	8.074	7.2006169	0.01697	138.11	64.256	84.443	20.88856	0.12395	0.00641	0.00381	52	0.02594	-1.703033	-1.127625
52	10.718	0	0	0	0	0	0.00782	7.46528	0.00828	7.91118	7.205862	0.0108	132.637	64.216	84.366	20.884	0.11738	0.00662	0.00443	53	0.028839	-1.686249	-1.126404
53	10.104	0	0	0	0	0	0.00791	7.55977	0.00838	8.00842	7.2076104	0.0108	136.014	64.22	84.241	20.88856	0.11588	0.00629	0.00397	54	0.028992	-1.703796	-1.111908
54	9.844	297.286	338.956	0.0331131	25.35389	1.29672	0.00791	7.55262	0.00838	8.00083	7.2093587	0.01234	135.75	64.238	84.26	20.89008	0.1129	0.00572	0.0029	55	0.031433	-1.764832	-1.134033
55	10.643	321.427	127.672	0.0331131	24.23873	1.1687	0.00794	7.58757	0.00841	8.03628	7.2076104	0.00463	137.032	64.183	84.131	20.88552	0.10991	0.00521	0.00229	56	0.035553	-1.78299	-1.153564
56	9.54	0	0	0	0	0	0.00786	7.51001	0.00832	7.95202	7.2093587	0.01389	134.224	64.234	84.091	20.89161	0.10961	0.00533	0.00305	57	0.037231	-1.827393	-1.620331
57	10.03	0	0	0	0	0	0.00786	7.50395	0.00832	7.94523	7.2111071	0.01234	134.021	64.201	84.039	20.88856	0.10155	0.005	0.00336	58	0.017548	-1.415558	-1.715698
58	10.02	0	0	0	0	0	0.00785	7.49638	0.00831	7.93315	7.2146039	0.00772	133.756	64.186	83.841	20.88856	0.10065	0.00474	0.00336	59	0.011749	-1.129608	-1.717834
59	9.697	0	0	0	0	0	0.00779	7.43931	0.00824	7.87396	7.2215973	0.00926	131.722	64.201	83.911	20.89008	0.09767	0.00474	0.00351	60	0.015259	-0.942535	-1.672211
60	10.818	0	0	0	0	0	0.00789	7.5333	0.00835	7.97066	7.2250941	0.00463	135.099	64.131	83.712	20.884	0.09558	0.00438	0.00412	61	0.022125	-0.828705	-1.614075
61	9.636	0	0	0	0	0	0.00774	7.39111	0.00819	7.82097	7.2268424	0	130.033	64.168	83.786	20.89008	0.09229	0.00405	0.00366	62	0.029602	-0.744324	-1.535339
62	10.317	0	0	0	0	0	0.00789	7.53192	0.00835	7.9708	7.2285908	0.01389	135.038	64.161	83.815	20.88704	0.08841	0.0042	0.00412	63	0.037231	-0.648804	-1.460266
63	10.823	0	0	0	0	0	0.00789	7.53747	0.00835	7.97259	7.2320876	0.00309	135.241	64.15	83.62	20.884	0.08572	0.00342	0.00443	64	0.045166	-0.613251	-1.413422
64	9.931	54.529	90.799	0.182122	2.26778	0.11809	0.00778	7.42893	0.00823	7.85859	7.2303392	0.01852	131.376	64.146	83.653	20.88856	0.08213	0.0033	0.00427	65	0.051117	-0.590973	-1.376495
65	10.826	0	0	0	0	0	0.00789	7.53774	0.00835	7.97339	7.2303392	0.0108	135.282	64.072	83.562	20.884	0.08243	0.00306	0.00427	66	0.05661	-0.565186	-1.334991
66	10.011	0	0	0	0	0	0.00784	7.4879	0.00829	7.91697	7.2338359	0.00617	133.492	64.091	83.415	20.88856	0.08154	0.00309	0.00381	67	0.061188	-0.539093	-1.300049
67	10.011	0	0	0	0	0	0.00784	7.4879	0.00829	7.91779	7.2373327	0.00926	133.492	64.091	83.451	20.88856	0.07945	0.00264	0.00412	68	0.06424	-0.498962	-1.270905
68	10.214	0	0	0	0	0	0.00781	7.45433	0.00825	7.88071	7.2373327	0.00154	132.312	64.054	83.341	20.88704	0.07945	0.00213	0.00381	69	0.066833	-0.502319	-1.253662
69	9.271	0	0	0	0	0	0.00784	7.48863	0.00829	7.91657	7.239081	0.01389	133.532	64.054	83.323	20.89313	0.07676	0.00234	0.00244	70	0.066986	-0.496826	-1.239929
70	9.453	0	0	0	0	0	0.00779	7.43573	0.00824	7.86236	7.2408294	0.02469	131.681	63.98	83.323	20.89161	0.07765	0.00246	0.00259	71	0.068207	-0.548859	-1.238403
71	8.997	0	0	0	0	0	0.00782	7.46554	0.00827	7.89184	7.2460745	-0.00926	132.739	63.98	83.231	20.89465	0.07556	0.00174	0.00397	72	0.056305	-0.52948	-1.234131
72	8.258	0	0	0	0	0	0.00782	7.46668	0.00827	7.89427	7.2478229	0.02006	132.78	63.98	83.286	20.89921	0.07288	0.00186	0.00366	73	0.059662	-0.498657	-1.22879
73	8.702	0	0	0	0	0	0.00778	7.42325	0.00822	7.84476	7.253068	0.01852	131.254	63.944	83.084	20.89617	0.07347	0.0021	0.0029	74	0.063171	-0.540619	-1.230164
74	7.321	0	0	0	0	0	0.00788	7.51949	0.00833	7.94644	7.2583131	0.00154	134.672	63.962	83.102	20.90529	0.07258	0.0021	0.00305	75	0.050964	-0.60791	-1.257782
75	7.828	0	0	0	0	0	0.00789	7.52661	0.00834	7.95407	7.2635582	0.0216	134.957	63.888	83.029	20.90225	0.07347	0.0021	0.0032	76	0.042114	-0.640411	-1.291199
76	7.079	0	0	0	0	0	0.00788	7.52455	0.00833	7.94899	7.2653066	0.00463	134.875	63.907	82.919	20.90681	0.07288	0.00207	0.00366	77	0.033875	-0.648346	-1.31897
77	6.351	0	0	0	0	0	0.00791	7.54701	0.00836	7.97439	7.267055	0.0108	135.689	63.888	82.974	20.91137	0.07317	0.0021	0.00381	78	0.027924	-0.65918	-1.343536
78	6.798	0	0	0	0	0	0.00785	7.48887	0.00829	7.9138	7.2705517	0.0216	133.614	63.87	82.992	20.90833	0.07228	0.00198	0.0029	79	0.023346	-0.671082	-1.365204
79	6.052	0	0	0	0	0	0.00784	7.48602	0.00829	7.91119	7.2740485	0.00926	133.512	63.87	83.011	20.9129	0.07019	0.00162	0.00275	80	0.019684	-0.705261	-1.405029
80	5.829	0	0	0	0	0	0.00788	7.51944	0.00832	7.94441	7.2792936	0.02778	134.692	63.907	82.956	20.91442	0.07108	0.00132	0.00336	81	0.018768	-0.709839	-1.421967
81	5.846	0	0	0	0	0	0.0079	7.54058	0.00835	7.96638	7.2827903	0.01234	135.465	63.87	82.9	20.91442	0.07019	0.00162	0.00381	82	0.017395	-0.714264	-1.43158
82	4.784	0	0	0	0	0	0.0078	7.44295	0.00824	7.8636	7.2880354	0.0108	131.966	63.907	82.956	20.9205	0.07079	0.0021	0.00427	83	0.015717	-0.692902	-1.44043
83	5.474	0	0	0	0	0	0.00773	7.3759	0.00817	7.79238	7.2915322	0.01697	129.606	63.888	82.919	20.91594	0.07079	0.00171	0.00412	84	0.015106	-0.736694	-1.465149
84	4.749	0	0	0	0	0	0.00774	7.38825	0.00818	7.80419	7.2932805	-0.00463	130.033	63.907	82.882	20.9205	0.07019	0.00186	0.00259	85	0.015869	-0.747681	-1.487274
85	4.654	0	0	0	0	0	0.008	7.63288	0.00845	8.06514	7.2932805	0.01234	138.802	63.87	82.956	20.92202	0.07198	0.00162	0.00259	86	0.016022	-0.735168	-1.474609
86	5.091	0	0	0	0	0	0.00789	7.53204	0.00834	7.95449	7.2950289	0.02006	135.16	63.866	82.768	20.91898	0.07019	0.00159	0.0029	87	0.016174	-0.754395	-1.465454
87	4.011	0	0	0	0	0	0.00773	7.37975	0.00817	7.79446	7.2967773	0	129.748	63.87	82.809	20.92506	0.06989	0.00159	0.00397	88	0.016937	-0.763855	-1.481781
88	4.843	146.248	84.271	0.0331131	7.37379	0.14125	0.00789	7.53203	0.00834	7.9566	7.2967773	0.00309	135.18	63.815	82.809	20.9205	0.06929	0.00132	0.0032	89	0.016785	-0.76355	-1.488037
89	4.337	0	0	0	0	0	0.00788	7.5211	0.00832	7.94336	7.2967773	0.00309	134.773	63.852	82.772	20.92354	0.06869	0.00132	0.00305	90	0.017853	-0.79895	-1.494293
90	3.595	0	0	0	0	0	0.00789	7.53204	0.00834	7.95367	7.2985257	0.00926	135.16	63.866	82.731	20.9281	0.07019	0.00129	0.00336	91	0.018463	-0.825653	-1.501312
91	4.57	0	0	0	0	0	0.00786	7.49432	0.00829	7.91312	7.300274	0.01234	133.838	63.796	82.625	20.92202	0.06989	0.00129	0.00305	92	0.018005	-0.808563	-1.506348
92	3.563	0	0	0	0	0	0.00782	7.46448	0.00826	7.87953	7.3037708	0.01697	132.759	63.833	82.57	20.9281	0.06869	0.00132	0.00275	93	0.017395	-0.821075	-1.515961
93	3.783	0	0	0	0	0	0.00777	7.41106	0.0082	7.82273	7.3072675	0.0216	130.867	63.83	82.548	20.92658	0.0678	0.00129	0.00305	94	0.018005	-0.838623	-1.530762
94	3.842	0	0	0	0	0	0.00789	7.52729	0.00833	7.94341	7.3125126	0.01234	135.018	63.796	82.423	20.92658	0.0681	0.00114	0.00397	95	0.018768	-0.85144	-1.536865
95	3.102	0	0	0	0	0	0.00791	7.54619	0.00835	7.96415	7.3160094	0.00926	135.689	63.815	82.478	20.93114	0.0681	0.00132	0.00275	96	0.017395	-0.844116	-1.536255
96	3.875	0	0	0	0	0	0.00796	7.58977	0.0084	8.00979	7.3195061	0.0216	137.276	63.778	82.423	20.92658	0.06899	0.00129	0.00259	97	0.017242	-0.852051	-1.537476
97	3.362	0	0	0	0	0	0.00793	7.56858	0.00837	7.98533	7.3212545	0.01389	136.503	63.796	82.35	20.92962	0.0684	0.00096	0.0032	98	0.018311	-0.845642	-1.554565
98	3.336	0	0	0	0	0	0.00787	7.50928	0.00831	7.92568	7.3247512	0.00463	134.387	63.76	82.441	20.92962	0.0675	0.00129	0.00336	99	0.0177	-0.874023	-1.570435
99	3.871	0	0	0	0	0	0.00795	7.5826	0.00839	8.00062	7.3264996	0.01543	137.032	63.741	82.313	20.92658	0.06929	0.00159	0.00381	100	0.018616	-0.89035	-1.57547
100	2.845	0	0	0	0	0	0.00789	7.52786	0.00833	7.94319	7.3299963	0.01852	135.038	63.796	82.386	20.93266	0.0681	0.00114	0.0032	101	0.018768	-0.903015	-1.575012
101	3.605	0	0	0	0	0	0.00792	7.55062	0.00835	7.96726	7.3334931	0.01697	135.872	63.756	82.346	20.9281	0.0678	0.00129	0.00275	102	0.018616	-0.910645	-1.58371
102	3.333	0	0	0	0	0	0.00787	7.50359	0.0083	7.91722	7.3369898	0.01852	134.183	63.76	82.331	20.92962	0.0684	0.00135	0.00351	103	0.019684	-0.927582	-1.594543
103	3.12	0	0	0	0	0	0.00796	7.58936	0.0084	8.00857	7.3387382	0.00154	137.276	63.741	82.35	20.93114	0.0675	0.00099	0.00366	104	0.021057	-0.958557	-1.557465
104	3.845	0	0	0	0	0	0.00789	7.53043	0.00833	7.94477	7.3439833	0.00926	135.16	63.723	82.258	20.92658	0.0684	0.00132	0.00366	105	0.021515	-0.98526	-1.474609
105	2.616	0	0	0	0	0	0.00795	7.58486	0.00839	8.00217	7.3492284	0.01543	137.113	63.741	82.276	20.93418	0.0678	0.00111	0.00397	106	0.024261	-1.033325	-1.421814
106	3.342	0	0	0	0	0	0.00789	7.52209	0.00832	7.93642	7.3509768	0.00926	134.875	63.686	82.239	20.92962	0.0678	0.00129	0.00351	107	0.02594	-1.078796	-1.396027
107	3.347	0	0	0	0	0	0.0079	7.53343	0.00833	7.94545	7.3544735	0.02623	135.262	63.738	82.162	20.92962	0.0684	0.00132	0.00336	108	0.025787	-1.130829	-1.347046
108	2.791	168.575	0	0.0165565	13.01472	0.09234	0.00774	7.38314	0.00817	7.79101	7.3544735	-0.00154	129.931	63.704	82.313	20.93266	0.0675	0.00096	0.00259	109	0.02655	-1.178894	-1.299133
109	3.322	28.666	95.466	0.1158958	1.98752	0.06012	0.00784	7.47754	0.00827	7.88693	7.3544735	0.01234	133.268	63.723	82.166	20.92962	0.0684	0.00159	0.00366	110	0.026855	-1.208344	-1.259766
110	2.599	22.424	108.206	0.1158958	1.9328	0.04039	0.0079	7.53724	0.00833	7.94614	7.3527252	0.01389	135.384	63.774	82.052	20.93418	0.0678	0.00132	0.0032	111	0.026855	-1.201172	-1.225891
111	2.84	171.506	0	0.0165565	13.7314	0.28183	0.00788	7.5115	0.0083	7.9195	7.3527252	-0.00309	134.489	63.704	82.001	20.93266	0.0681	0.00132	0.00366	112	0.02594	-1.186523	-1.165619
112	3.066	0	0	0	0	0	0.00782	7.45619	0.00824	7.85834	7.3527252	0.00926	132.515	63.704	81.872	20.93114	0.0684	0.00132	0.00366	113	0.025635	-1.184082	-1.116638
113	2.093	0	0	0	0	0	0.00788	7.51248	0.0083	7.91885	7.3562219	0.01697	134.509	63.741	81.964	20.93723	0.0678	0.00132	0.00366	114	0.023804	-1.242676	-1.040497
114	3.05	0	0	0	0	0	0.00778	7.41733	0.0082	7.81736	7.3579703	0.00617	131.132	63.719	81.887	20.93114	0.06869	0.00132	0.00305	115	0.027466	-1.294556	-0.993652
115	2.355	0	0	0	0	0	0.00792	7.55529	0.00835	7.964	7.3597186	0.0108	136.055	63.719	81.942	20.93571	0.0678	0.00129	0.00336	116	0.028076	-1.374817	-0.980835
116	2.324	0	0	0	0	0	0.00782	7.45635	0.00824	7.86133	7.3649638	0.00617	132.515	63.719	82.015	20.93571	0.0684	0.00159	0.00397	117	0.029297	-1.415863	-0.965729
117	3.024	0	0	0	0	0	0.00771	7.3553	0.00813	7.75281	7.3667121	0.01389	128.955	63.701	81.905	20.93114	0.0681	0.00132	0.00305	118	0.029755	-1.481171	-0.962677
118	2.067	0	0	0	0	0	0.00778	7.42193	0.0082	7.82423	7.3684605	0.01543	131.294	63.719	81.979	20.93723	0.0678	0.00132	0.00275	119	0.03006	-1.588745	-0.971527
119	2.572	0	0	0	0	0	0.00782	7.45631	0.00824	7.85974	7.3719572	0.01234	132.535	63.664	81.887	20.93418	0.0672	0.00132	0.00305	120	0.031281	-1.630402	-0.965118
120	2.344	0	0	0	0	0	0.00788	7.51921	0.00831	7.92437	7.375454	0.02006	134.773	63.682	81.832	20.93571	0.0675	0.00159	0.0032	121	0.031891	-1.712189	-0.995636
121	2.1	0	0	0	0	0	0.0079	7.53621	0.00833	7.94476	7.3772024	0.01389	135.384	63.682	81.942	20.93723	0.0678	0.00162	0.00305	122	0.032959	-1.753693	-1.035156
122	3.313	0	0	0	0	0	0.00782	7.45496	0.00824	7.85874	7.3789507	0.00617	132.495	63.646	81.887	20.92962	0.0678	0.00168	0.00351	123	0.033112	-1.821747	-1.518707
123	2.069	0	0	0	0	0	0.00779	7.4265	0.00821	7.82797	7.3841958	0.01852	131.498	63.612	81.817	20.93723	0.06899	0.00159	0.0029	124	0.010986	-1.439056	-1.643677
124	2.85	0	0	0	0	0	0.0079	7.53713	0.00833	7.94581	7.3859442	0.00309	135.445	63.612	81.872	20.93266	0.0672	0.00159	0.00275	125	0.005646	-1.187897	-1.64856
125	2.569	0	0	0	0	0	0.00781	7.44523	0.00823	7.84855	7.3894409	0.00772	132.169	63.594	81.835	20.93418	0.0675	0.00132	0.00153	126	0.004883	-1.012115	-1.606445
126	2.025	0	0	0	0	0	0.00762	7.26641	0.00803	7.66039	7.3929377	0.00772	125.883	63.631	81.89	20.93723	0.0675	0.00159	0.00214	127	0.008087	-0.88623	-1.551971
127	3.076	0	0	0	0	0	0.00784	7.47803	0.00826	7.88024	7.4016795	0.00309	133.329	63.612	81.725	20.93114	0.06511	0.00099	0.00259	128	0.012512	-0.823364	-1.492767
128	2.11	0	0	0	0	0	0.00794	7.57271	0.00837	7.98208	7.4051763	0.01543	136.727	63.612	81.817	20.93723	0.0669	0.00159	0.00275	129	0.016632	-0.765381	-1.433411
129	2.328	0	0	0	0	0	0.00783	7.46681	0.00825	7.87084	7.4104214	0.00309	132.922	63.631	81.854	20.93571	0.0681	0.00132	0.00229	130	0.019379	-0.782623	-1.388397
130	2.585	0	0	0	0	0	0.00786	7.49435	0.00828	7.89863	7.4139181	0.00772	133.899	63.646	81.813	20.93418	0.0678	0.00132	0.00198	131	0.003967	-0.767822	-1.372528
131	2.076	0	0	0	0	0	0.00781	7.45063	0.00824	7.85455	7.4174149	0.00772	132.332	63.668	81.927	20.93723	0.06989	0.00159	0.00214	132	-0.008698	-0.790863	-1.37085
132	2.855	0	0	0	0	0	0.00792	7.55149	0.00835	7.96127	7.4191633	0.01234	135.933	63.682	81.96	20.93266	0.06989	0.00174	0.00366	133	-0.018768	-0.826263	-1.374054
133	2.101	0	0	0	0	0	0.00791	7.54398	0.00834	7.95249	7.4209116	0.00309	135.648	63.719	81.96	20.93723	0.07079	0.00099	0.00351	134	-0.02655	-0.792999	-1.377106
134	2.323	0	0	0	0	0	0.00781	7.45042	0.00824	7.85632	7.42266	0.00617	132.312	63.701	82.052	20.93571	0.06929	0.00159	0.00305	135	-0.033875	-0.797729	-1.381683
135	2.603	0	0	0	0	0	0.00791	7.54732	0.00834	7.95773	7.4244084	0.00154	135.791	63.664	81.979	20.93418	0.0678	0.00162	0.00381	136	-0.038605	-0.827942	-1.376343
136	2.091	15.785	20.951	0.1324523	1.77626	0.02347	0.00787	7.50521	0.0083	7.91246	7.4244084	0.00309	134.265	63.701	81.979	20.93723	0.06869	0.00114	0.00351	137	-0.042572	-0.877075	-1.408691
137	3.096	20.776	65.404	0.1490089	1.69314	0.02964	0.00789	7.52905	0.00832	7.93965	7.42266	0.0108	135.119	63.701	82.07	20.93114	0.06989	0.00129	0.00275	138	-0.045013	-0.915527	-1.447601
138	2.368	0	0	0	0	0	0.00796	7.59585	0.0084	8.00841	7.42266	-0.00463	137.52	63.719	82.015	20.93571	0.07228	0.00099	0.00351	139	-0.047302	-0.936279	-1.469269
139	1.841	0	0	0	0	0	0.00787	7.50375	0.0083	7.91417	7.4261567	0.00463	134.204	63.723	82.148	20.93875	0.07019	0.00129	0.00351	140	-0.04776	-0.947571	-1.498566
140	2.864	0	0	0	0	0	0.00794	7.57637	0.00837	7.98702	7.4279051	0.00463	136.808	63.738	81.997	20.93266	0.07049	0.00159	0.0029	141	-0.048065	-0.948334	-1.523895
141	1.859	0	0	0	0	0	0.00794	7.57601	0.00838	7.98951	7.4296535	0.00617	136.788	63.756	82.144	20.93875	0.07079	0.00135	0.00275	142	-0.045319	-0.973969	-1.530762
142	2.61	0	0	0	0	0	0.00793	7.56754	0.00837	7.98353	7.4314018	0.00154	136.503	63.704	82.221	20.93418	0.07019	0.00129	0.00351	143	-0.041809	-1.026001	-1.424103
143	2.606	0	0	0	0	0	0.00792	7.55512	0.00836	7.96961	7.4348986	0.00617	136.055	63.704	82.184	20.93418	0.07108	0.00132	0.00305	144	-0.035248	-1.107025	-1.340485
144	1.847	0	0	0	0	0	0.00789	7.5276	0.00833	7.94384	7.4348986	0.01543	135.058	63.723	82.35	20.93875	0.07079	0.00183	0.0032	145	-0.029449	-1.174316	-1.293793
145	3.104	0	0	0	0	0	0.00791	7.54985	0.00835	7.96606	7.436647	0.00309	135.852	63.738	82.309	20.93114	0.07317	0.00162	0.00305	146	-0.025787	-1.238098	-1.255493
146	2.327	0	0	0	0	0	0.00783	7.46591	0.00826	7.87707	7.4418921	0.00463	132.841	63.756	82.309	20.93571	0.07198	0.00159	0.00214	147	-0.021515	-1.272583	-1.197815
147	2.353	0	0	0	0	0	0.00791	7.54928	0.00835	7.96628	7.4453888	0.0108	135.831	63.738	82.346	20.93571	0.0678	0.00159	0.00351	148	-0.016174	-1.308289	-1.155243
148	2.869	0	0	0	0	0	0.00796	7.58931	0.00839	8.00729	7.4488856	0.00463	137.276	63.738	82.291	20.93266	0.06869	0.00081	0.00305	149	-0.012817	-1.37207	-1.137695
149	1.835	0	0	0	0	0	0.00784	7.47942	0.00827	7.89331	7.4541307	0.00772	133.309	63.789	82.434	20.93875	0.0675	0.00093	0.00107	150	-0.006561	-1.442261	-1.094818
150	3.094	0	0	0	0	0	0.00789	7.52606	0.00833	7.94384	7.4576274	0.0108	134.997	63.738	82.438	20.93114	0.0684	0.00132	0.00305	151	0.002747	-1.569366	-1.127167
151	2.578	0	0	0	0	0	0.00784	7.47677	0.00827	7.88974	7.4593758	0.0108	133.227	63.756	82.364	20.93418	0.0678	0.00135	0.00336	152	0.009308	-1.6362	-1.111603
152	2.564	0	0	0	0	0	0.0078	7.43629	0.00823	7.85025	7.4628725	0.01234	131.783	63.771	82.526	20.93418	0.0681	0.00132	0.0032	153	0.019379	-1.716156	-1.114044
153	3.062	0	0	0	0	0	0.00781	7.44702	0.00824	7.85876	7.4663693	0.01543	132.169	63.756	82.383	20.93114	0.0684	0.00129	0.00305	154	0.025024	-1.749573	-1.131134
154	2.333	0	0	0	0	0	0.00785	7.48651	0.00828	7.90077	7.4663693	0.00154	133.553	63.811	82.456	20.93571	0.0675	0.00132	0.00305	155	0.028687	-1.795654	-1.593475
155	3.595	0	0	0	0	0	0.00789	7.53162	0.00833	7.948	7.4716144	0.00154	135.18	63.778	82.405	20.9281	0.06869	0.00159	0.00229	156	0.013123	-1.38916	-1.720581
156	3.11	0	0	0	0	0	0.00793	7.56463	0.00837	7.9824	7.4733628	0	136.36	63.796	82.405	20.93114	0.0669	0.00174	0.00229	157	0.013123	-1.136322	-1.731415
157	2.591	0	0	0	0	0	0.00788	7.51712	0.00831	7.93302	7.4751111	0.01852	134.631	63.852	82.496	20.93418	0.0681	0.00132	0.00259	158	0.019226	-0.943146	-1.676788
158	3.369	0	0	0	0	0	0.00795	7.584	0.00839	8.00406	7.4751111	0.01543	137.052	63.815	82.478	20.92962	0.0684	0.00159	0.00366	159	0.027466	-0.81543	-1.607361
159	2.328	70.302	375.915	0.0331131	6.70397	0.21793	0.00783	7.47191	0.00827	7.8873	7.4768595	0.01389	133.003	63.885	82.621	20.93571	0.0678	0.00162	0.00275	160	0.034943	-0.716095	-1.541138
160	3.038	0	0	0	0	0	0.00775	7.39263	0.00818	7.80563	7.4751111	0.00617	130.196	63.885	82.713	20.93114	0.06869	0.00135	0.00183	161	0.042572	-0.644379	-1.483307
161	3.076	0	0	0	0	0	0.00784	7.48394	0.00828	7.90163	7.4786079	0.00463	133.431	63.888	82.698	20.93114	0.06929	0.00162	0.00168	162	0.050659	-0.599518	-1.42868
162	2.084	0	0	0	0	0	0.00784	7.48643	0.00828	7.90621	7.4803562	-0.00617	133.492	63.958	82.86	20.93723	0.0684	0.00162	0.00137	163	0.056763	-0.570221	-1.375885
163	3.058	0	0	0	0	0	0.0078	7.44352	0.00824	7.8613	7.4821046	0.01543	131.966	63.958	82.878	20.93114	0.0681	0.00129	0.00153	164	0.06134	-0.601349	-1.348572
164	2.326	0	0	0	0	0	0.00782	7.46917	0.00826	7.88834	7.483853	-0.00154	132.861	63.999	82.919	20.93571	0.0678	0.00183	0.0032	165	0.049133	-0.62088	-1.347656
165	2.344	0	0	0	0	0	0.00788	7.52667	0.00833	7.95235	7.4856013	0.01234	134.916	63.995	83.062	20.93571	0.06869	0.00198	0.00366	166	0.039673	-0.661163	-1.366272
166	3.049	0	0	0	0	0	0.00777	7.42094	0.00821	7.83862	7.4856013	0.00926	131.152	63.995	82.97	20.93114	0.06929	0.00174	0.00275	167	0.032806	-0.702057	-1.383057
167	1.847	0	0	0	0	0	0.00789	7.53312	0.00834	7.95954	7.4873497	0.00154	135.14	64.014	83.099	20.93875	0.0684	0.00132	0.00229	168	0.027008	-0.697632	-1.394806
168	2.586	0	0	0	0	0	0.00786	7.503	0.00831	7.92983	7.4908465	0.00617	134.082	63.962	83.139	20.93418	0.0681	0.00183	0.00259	169	0.022125	-0.670013	-1.408081
169	2.328	0	0	0	0	0	0.00783	7.47469	0.00827	7.89941	7.4943432	0.01697	133.044	64.032	83.191	20.93571	0.0681	0.00198	0.00229	170	0.018768	-0.688629	-1.426086
170	2.077	0	0	0	0	0	0.00782	7.46288	0.00826	7.88813	7.4995883	0	132.617	64.05	83.264	20.93723	0.0684	0.00132	0.00198	171	0.018463	-0.697784	-1.4328
171	3.123	0	0	0	0	0	0.00796	7.60296	0.00841	8.03412	7.5048334	0.02315	137.642	64.05	83.172	20.93114	0.0684	0.00156	0.0029	172	0.019379	-0.735474	-1.449585
172	1.821	0	0	0	0	0	0.00778	7.42886	0.00822	7.85131	7.5083302	0.00463	131.396	64.087	83.264	20.93875	0.06959	0.0021	0.00259	173	0.018921	-0.755768	-1.447449
173	2.6	0	0	0	0	0	0.0079	7.54712	0.00836	7.97717	7.5100785	0.01234	135.628	64.05	83.264	20.93418	0.07019	0.00252	0.00137	174	0.018158	-0.766754	-1.451416
174	2.611	0	0	0	0	0	0.00794	7.57784	0.00839	8.00631	7.5135753	0.01697	136.727	64.069	83.136	20.93418	0.07079	0.00255	0.00198	175	0.018005	-0.797577	-1.480255
175	2.303	0	0	0	0	0	0.00775	7.39522	0.00818	7.81498	7.517072	0.00154	130.216	64.069	83.209	20.93571	0.07079	0.00285	0.00198	176	0.018616	-0.820465	-1.504059
176	3.111	0	0	0	0	0	0.00793	7.57364	0.00838	8.00438	7.5188204	0.01543	136.584	64.047	83.224	20.93114	0.07228	0.00279	0.00259	177	0.018921	-0.840454	-1.512604
177	2.062	0	0	0	0	0	0.00776	7.41158	0.0082	7.83104	7.5223171	0.01234	130.786	64.087	83.172	20.93723	0.07377	0.00258	0.00412	178	0.018463	-0.867615	-1.523285
178	2.595	0	0	0	0	0	0.00789	7.53353	0.00834	7.96362	7.5240655	0.00309	135.14	64.05	83.301	20.93418	0.07019	0.00255	0.0032	179	0.018158	-0.876617	-1.542816
179	2.863	0	0	0	0	0	0.00794	7.58235	0.00839	8.01314	7.5258139	0.02623	136.889	64.069	83.227	20.93266	0.07079	0.00234	0.00259	180	0.018005	-0.901489	-1.570435
180	2.044	0	0	0	0	0	0.00769	7.34461	0.00813	7.76385	7.5258139	0.01389	128.426	64.106	83.356	20.93723	0.07049	0.0021	0.00168	181	0.019379	-0.918732	-1.580505
181	3.105	0	0	0	0	0	0.00792	7.55941	0.00837	7.98929	7.531059	0.01852	136.055	64.087	83.264	20.93114	0.07049	0.00252	0.00275	182	0.019073	-0.943146	-1.559906
182	2.083	0	0	0	0	0	0.00784	7.48807	0.00829	7.91345	7.5345557	0.0108	133.492	64.106	83.264	20.93723	0.07198	0.00213	0.00183	183	0.021515	-0.969696	-1.495056
183	2.581	0	0	0	0	0	0.00785	7.49222	0.0083	7.92034	7.5415492	0.01697	133.654	64.069	83.338	20.93418	0.07258	0.0021	0.00259	184	0.022888	-1.013794	-1.431885
184	3.102	0	0	0	0	0	0.00791	7.55092	0.00836	7.98121	7.5432976	0.00309	135.77	64.036	83.249	20.93114	0.07108	0.00162	0.00381	185	0.02533	-1.090851	-1.351624
185	2.114	0	0	0	0	0	0.00796	7.59721	0.00841	8.02999	7.5467943	0.00617	137.398	64.139	83.352	20.93723	0.07049	0.00159	0.00366	186	0.028381	-1.188049	-1.341095
186	3.12	94.209	0	0.0331131	8.54441	0.34791	0.00795	7.5955	0.00841	8.02784	7.545046	-0.00617	137.357	64.087	83.282	20.93114	0.07198	0.0021	0.00381	187	0.026703	-1.192627	-1.291962
187	2.589	0	0	0	0	0	0.00787	7.51484	0.00832	7.94093	7.5467943	0.00772	134.448	64.106	83.227	20.93418	0.07258	0.0021	0.0029	188	0.02594	-1.204987	-1.263885
188	2.581	0	0	0	0	0	0.00785	7.49283	0.00829	7.91888	7.5467943	0.00926	133.654	64.124	83.301	20.93418	0.07437	0.00255	0.00229	189	0.024719	-1.198273	-1.208649
189	3.365	0	0	0	0	0	0.00794	7.58086	0.00839	8.01031	7.5520394	0.01234	136.828	64.087	83.191	20.92962	0.07467	0.00258	0.00336	190	0.024872	-1.213531	-1.121063
190	2.348	47.266	168.759	0.0496696	5.57252	0.39246	0.0079	7.54059	0.00834	7.96688	7.5520394	0.00926	135.363	64.124	83.191	20.93571	0.07168	0.00303	0.00244	191	0.025635	-1.289215	-1.077271
191	3.092	186.754	84.257	0.0165565	17.9199	1.31667	0.00788	7.5292	0.00833	7.95527	7.5520394	0.00154	134.957	64.12	83.205	20.93114	0.07317	0.0033	0.00244	192	0.025024	-1.287842	-1.027222
192	3.105	0	0	0	0	0	0.00792	7.56225	0.00836	7.98811	7.5520394	0.02006	136.137	64.139	83.132	20.93114	0.07317	0.00273	0.0032	193	0.023956	-1.384735	-0.996399
193	2.569	77.577	500.791	0.0331131	8.75331	0.40367	0.00781	7.45813	0.00825	7.88055	7.5537878	0.01852	132.413	64.139	83.242	20.93418	0.07288	0.00234	0.00244	194	0.028992	-1.489105	-0.990448
194	3.85	0	0	0	0	0	0.00791	7.54863	0.00835	7.9742	7.5520394	0.00309	135.669	64.083	83.095	20.92658	0.07377	0.00246	0.00259	195	0.032806	-1.604309	-1.012268
195	2.849	0	0	0	0	0	0.0079	7.54451	0.00835	7.96939	7.5555362	0.00772	135.506	64.12	83.113	20.93266	0.07258	0.00213	0.00305	196	0.033264	-1.661682	-1.036377
196	3.326	0	0	0	0	0	0.00785	7.49336	0.00829	7.9191	7.5572846	0.00309	133.695	64.069	83.227	20.92962	0.07347	0.00255	0.00229	197	0.030823	-1.703949	-1.045837
197	3.354	0	0	0	0	0	0.00791	7.55659	0.00836	7.98178	7.5590329	0.01234	135.953	64.087	83.062	20.92962	0.07288	0.00303	0.00259	198	0.032349	-1.716156	-1.047058
198	2.86	0	0	0	0	0	0.00793	7.57487	0.00838	8.00436	7.5590329	0.01389	136.604	64.106	83.227	20.93266	0.07288	0.0033	0.00214	199	0.031281	-1.829224	-1.545105
199	3.576	0	0	0	0	0	0.00785	7.49694	0.0083	7.92211	7.564278	0.00154	133.838	64.032	83.154	20.9281	0.07347	0.00354	0.00275	200	0.011139	-1.469116	-1.669159
200	2.833	0	0	0	0	0	0.00786	7.5019	0.0083	7.92779	7.5677748	0.00309	134.021	64.017	83.158	20.93266	0.07258	0.00309	0.0029	201	0.005188	-1.220245	-1.679077
201	3.079	0	0	0	0	0	0.00785	7.49641	0.0083	7.924	7.5695232	0.00772	133.817	64.036	83.268	20.93114	0.07377	0.00306	0.00214	202	0.004883	-1.038361	-1.634674
202	3.351	0	0	0	0	0	0.00791	7.54903	0.00836	7.97875	7.5712715	0.00309	135.689	64.069	83.264	20.92962	0.07258	0.00294	0.00275	203	0.007172	-0.917816	-1.580353
203	2.543	76.81	826.713	0.0331131	8.78712	0.58415	0.00773	7.38332	0.00817	7.80559	7.5730199	0.03086	129.789	64.091	83.378	20.93418	0.07317	0.00306	0.00259	204	0.012054	-0.827789	-1.515808
204	3.791	76.332	166.496	0.0496696	5.89808	0.46948	0.00779	7.43325	0.00823	7.86003	7.5712715	0.00926	131.559	64.069	83.429	20.92658	0.07317	0.00351	0.0032	205	0.016022	-0.791779	-1.456604
205	3.082	0	0	0	0	0	0.00786	7.50516	0.00831	7.93275	7.5730199	0.00926	134.102	64.106	83.319	20.93114	0.07676	0.00306	0.00336	206	0.019989	-0.747681	-1.402435
206	3.025	0	0	0	0	0	0.00771	7.36494	0.00816	7.78895	7.5765166	0.02006	129.138	64.106	83.521	20.93114	0.07795	0.00306	0.00214	207	0.021515	-0.693207	-1.348267
207	3.824	0	0	0	0	0	0.00785	7.49833	0.0083	7.92961	7.5800134	0.00463	133.858	64.106	83.503	20.92658	0.07676	0.00306	0.0029	208	0.024414	-0.662384	-1.311951
208	2.788	0	0	0	0	0	0.00773	7.38389	0.00818	7.81014	7.5817618	0	129.789	64.142	83.613	20.93266	0.07765	0.00306	0.00305	209	0.027008	-0.673523	-1.285553
209	3.623	0	0	0	0	0	0.00796	7.59777	0.00842	8.03845	7.5852585	0.00309	137.418	64.139	83.701	20.9281	0.07736	0.00306	0.00336	210	0.029297	-0.65567	-1.264648
210	3.339	0	0	0	0	0	0.00788	7.52434	0.00833	7.95871	7.5852585	0.00772	134.773	64.142	83.613	20.92962	0.07706	0.00327	0.00198	211	0.029907	-0.704041	-1.255646
211	3.049	0	0	0	0	0	0.00778	7.42642	0.00823	7.85791	7.5870069	0.01389	131.274	64.179	83.778	20.93114	0.07795	0.00345	0.00259	212	0.011749	-0.662994	-1.247559
212	4.036	0	0	0	0	0	0.00778	7.43254	0.00823	7.86442	7.5870069	0.00463	131.498	64.161	83.76	20.92506	0.07676	0.00351	0.00366	213	0.015106	-0.717316	-1.257019
213	3.03	0	0	0	0	0	0.00773	7.37986	0.00818	7.81144	7.5905036	0.00772	129.626	64.197	83.925	20.93114	0.07795	0.00366	0.00336	214	0.002289	-0.778503	-1.281433
214	3.62	0	0	0	0	0	0.00795	7.59337	0.00841	8.03743	7.5905036	0.00309	137.235	64.197	83.925	20.9281	0.07945	0.00372	0.00275	215	-0.00824	-0.736389	-1.292572
215	3.827	0	0	0	0	0	0.00786	7.50639	0.00832	7.94371	7.592252	-0.00154	134.102	64.216	83.87	20.92658	0.07975	0.00351	0.00305	216	-0.001526	-0.763397	-1.299744
216	3.066	0	0	0	0	0	0.00782	7.46986	0.00828	7.90702	7.592252	0.01234	132.78	64.267	84.013	20.93114	0.07945	0.00399	0.00153	217	-0.01297	-0.781708	-1.313629
217	4.008	0	0	0	0	0	0.00773	7.3822	0.00818	7.81344	7.5957487	0.01234	129.687	64.253	83.962	20.92506	0.07676	0.00399	0.00153	218	-0.023041	-0.80246	-1.337128
218	3.583	0	0	0	0	0	0.00787	7.51745	0.00832	7.95368	7.5974971	0	134.468	64.289	83.87	20.9281	0.07795	0.00342	0.00198	219	-0.028992	-0.848541	-1.366425
219	3.571	0	0	0	0	0	0.00784	7.49243	0.0083	7.92965	7.5992455	0.01543	133.573	64.293	83.984	20.9281	0.07765	0.00351	0.00244	220	-0.031586	-0.861511	-1.388245
220	4.381	0	0	0	0	0	0.00796	7.60771	0.00842	8.04996	7.6009938	0.00154	137.703	64.323	83.94	20.92354	0.08004	0.00399	0.00244	221	-0.036469	-0.852966	-1.395569
221	3.282	0	0	0	0	0	0.00774	7.40036	0.00819	7.82894	7.6044906	0.00154	130.298	64.326	83.87	20.92962	0.08004	0.00402	0.00183	222	-0.037994	-0.857697	-1.407776
222	4.285	64.701	187.608	0.0662262	6.00098	0.44511	0.00779	7.44008	0.00824	7.87266	7.6044906	0.01389	131.722	64.271	83.888	20.92354	0.08094	0.00423	0.00092	223	-0.040894	-0.868378	-1.424561
223	3.828	0	0	0	0	0	0.00786	7.50949	0.00832	7.94607	7.6044906	0.00154	134.183	64.289	83.907	20.92658	0.08303	0.0045	0.00244	224	-0.041809	-0.882111	-1.445465
224	3.831	0	0	0	0	0	0.00787	7.51725	0.00833	7.95834	7.6079873	0.01697	134.448	64.323	84.124	20.92658	0.08184	0.00471	0.00214	225	-0.041962	-0.901337	-1.457062
225	4.295	0	0	0	0	0	0.00781	7.45848	0.00826	7.89368	7.6097357	0.01697	132.352	64.326	84.017	20.92354	0.08034	0.00474	0.00122	226	-0.044556	-0.885162	-1.456757
226	3.318	0	0	0	0	0	0.00783	7.48256	0.00829	7.92072	7.6132324	0	133.187	64.381	84.146	20.92962	0.07975	0.00426	0.00183	227	-0.044861	-0.87204	-1.452942
227	4.366	0	0	0	0	0	0.00793	7.58186	0.0084	8.02714	7.6167292	0.00617	136.767	64.326	84.146	20.92354	0.07975	0.00471	0.00198	228	-0.045166	-0.903473	-1.46759
228	4.34	0	0	0	0	0	0.00789	7.53836	0.00835	7.97896	7.6219743	0	135.18	64.381	84.109	20.92354	0.08273	0.00447	0.00259	229	-0.04425	-0.909729	-1.472168
229	3.553	0	0	0	0	0	0.0078	7.45643	0.00826	7.89303	7.625471	0	132.251	64.4	84.164	20.9281	0.07945	0.00396	0.00259	230	-0.045929	-0.885468	-1.4711
230	4.574	0	0	0	0	0	0.00786	7.51336	0.00832	7.95332	7.6272194	0.00926	134.285	64.381	84.146	20.92202	0.08303	0.00405	0.00198	231	-0.048065	-0.8815	-1.465149
231	3.828	231.196	0	0.0165565	24.96088	1.92199	0.00786	7.51283	0.00832	7.95269	7.6272194	-0.00154	134.244	64.437	84.201	20.92658	0.08184	0.00447	0.00336	232	-0.046387	-0.867767	-1.470947
232	4.578	0	0	0	0	0	0.00787	7.52096	0.00833	7.96209	7.6272194	0.01543	134.529	64.451	84.252	20.92202	0.08243	0.00471	0.00259	233	-0.045624	-0.874329	-1.484833
233	4.847	146.391	465.732	0.0331131	12.91671	1.04472	0.0079	7.55412	0.00836	7.99511	7.6272194	0.01697	135.709	64.473	84.182	20.9205	0.08273	0.00477	0.00198	234	-0.046692	-0.893707	-1.492004
234	3.841	0	0	0	0	0	0.00789	7.54016	0.00835	7.98359	7.6272194	0.00154	135.201	64.492	84.348	20.92658	0.08184	0.00471	0.00168	235	-0.048218	-0.875854	-1.475372
235	4.849	0	0	0	0	0	0.0079	7.55639	0.00837	8.00203	7.6307161	-0.00154	135.791	64.473	84.384	20.9205	0.08303	0.00477	0.00168	236	-0.049744	-0.873566	-1.460114
236	4.6	0	0	0	0	0	0.00791	7.55866	0.00837	8.0019	7.6342129	0.0108	135.852	64.525	84.326	20.92202	0.08184	0.00471	0.00244	237	-0.049438	-0.888672	-1.467743
237	4.612	0	0	0	0	0	0.00793	7.57865	0.00839	8.02551	7.6377096	0.01389	136.564	64.543	84.454	20.92202	0.08273	0.00474	0.00214	238	-0.050201	-0.905762	-1.482849
238	5.352	0	0	0	0	0	0.00791	7.56246	0.00837	8.00635	7.639458	0.00617	135.994	64.51	84.329	20.91746	0.08243	0.00474	0.00275	239	-0.049896	-0.92865	-1.479645
239	4.071	0	0	0	0	0	0.00785	7.50593	0.00831	7.9464	7.6412064	0.00772	133.939	64.584	84.403	20.92506	0.08213	0.00471	0.00244	240	-0.050201	-0.93277	-1.487732
240	5.068	0	0	0	0	0	0.00786	7.51215	0.00832	7.95429	7.6429547	0.01389	134.183	64.529	84.403	20.91898	0.08303	0.0048	0.00198	241	-0.050201	-0.934296	-1.493225
241	4.805	0	0	0	0	0	0.00783	7.49048	0.00829	7.93087	7.6447031	0.01389	133.39	64.58	84.436	20.9205	0.08154	0.00471	0.00092	242	-0.052185	-0.944214	-1.521912
242	4.516	0	0	0	0	0	0.00776	7.42181	0.00822	7.85976	7.6464515	0.00926	130.949	64.598	84.528	20.92202	0.08303	0.00474	0.00214	243	-0.05249	-0.977173	-1.543884
243	5.635	0	0	0	0	0	0.00796	7.6078	0.00842	8.05551	7.6481998	0.01697	137.601	64.58	84.454	20.91594	0.08213	0.00474	0.0029	244	-0.051117	-0.979614	-1.557617
244	4.814	0	0	0	0	0	0.00785	7.50458	0.00831	7.94739	7.6499482	0.00772	133.878	64.617	84.546	20.9205	0.08213	0.00459	0.00198	245	-0.052795	-0.979614	-1.562653
245	5.294	319.774	83.953	0.0165565	25.57963	2.05336	0.00782	7.48268	0.00829	7.92666	7.6499482	0.00154	133.105	64.598	84.638	20.91746	0.08273	0.00474	0.00198	246	-0.05249	-0.972137	-1.577759
246	4.835	0	0	0	0	0	0.00788	7.53856	0.00835	7.9825	7.6499482	0.00617	135.079	64.654	84.546	20.9205	0.08184	0.00471	0.00259	247	-0.050659	-0.990753	-1.599274
247	4.298	259.62	0	0.0165565	26.99833	2.06563	0.00781	7.47168	0.00827	7.91373	7.6499482	-0.00617	132.698	64.639	84.623	20.92354	0.08452	0.00477	0.00183	248	-0.048981	-1.000519	-1.616211
248	5.341	0	0	0	0	0	0.00789	7.54722	0.00836	7.99384	7.6499482	0.00772	135.424	64.565	84.55	20.91746	0.08184	0.00471	0.00107	249	-0.048065	-0.993805	-1.611786
249	4.614	0	0	0	0	0	0.00793	7.58439	0.0084	8.03151	7.6516966	0.01234	136.747	64.602	84.513	20.92202	0.08393	0.00474	0.00198	250	-0.046387	-0.982971	-1.605682
250	4.788	0	0	0	0	0	0.00781	7.46399	0.00827	7.90731	7.653445	0.00463	132.454	64.565	84.623	20.9205	0.08512	0.00474	0.00244	251	-0.044403	-1.007385	-1.528168
251	5.22	0	0	0	0	0	0.00772	7.37771	0.00817	7.81226	7.653445	0.0108	129.402	64.584	84.476	20.91746	0.08452	0.00471	0.00183	252	-0.040131	-1.035156	-1.451721
252	4.593	0	0	0	0	0	0.00789	7.54897	0.00836	7.99603	7.6569417	0.00154	135.465	64.621	84.623	20.92202	0.08691	0.00453	0.00168	253	-0.036621	-1.109467	-1.41922
253	5.365	0	0	0	0	0	0.00793	7.58172	0.0084	8.03038	7.6586901	0.00309	136.666	64.565	84.55	20.91746	0.0893	0.00488	0.00198	254	-0.033722	-1.133728	-1.347198
254	4.8	96.645	167.908	0.0496696	11.12618	0.74156	0.00783	7.48309	0.00829	7.9267	7.6586901	0.00926	133.125	64.584	84.605	20.9205	0.09229	0.00506	0.00259	255	-0.03006	-1.188049	-1.340942
255	4.523	0	0	0	0	0	0.00777	7.43335	0.00824	7.87406	7.6586901	-0.00463	131.376	64.547	84.568	20.92202	0.09169	0.00474	0.00183	256	-0.030212	-1.203156	-1.319122
256	5.296	0	0	0	0	0	0.00783	7.48399	0.00829	7.92443	7.6621868	0.00926	133.166	64.562	84.436	20.91746	0.09378	0.00471	0.00137	257	-0.028229	-1.244812	-1.304474
257	4.526	0	0	0	0	0	0.00778	7.43889	0.00824	7.87786	7.6621868	0.0108	131.559	64.58	84.509	20.92202	0.09498	0.00474	0.00275	258	-0.024567	-1.273346	-1.306
258	5.324	0	0	0	0	0	0.00787	7.52235	0.00833	7.96674	7.6639352	0.01697	134.55	64.525	84.473	20.91746	0.09259	0.00468	0.00305	259	-0.023956	-1.262512	-1.296082
259	4.813	0	0	0	0	0	0.00785	7.50205	0.00831	7.94358	7.6674319	0.0108	133.817	64.543	84.417	20.9205	0.09378	0.00477	0.00259	260	-0.023651	-1.243896	-1.246185
260	4.496	0	0	0	0	0	0.00773	7.38905	0.00818	7.82592	7.6709287	0.00617	129.809	64.562	84.528	20.92202	0.09139	0.00441	0.00275	261	-0.020447	-1.260529	-1.217041
261	5.305	0	0	0	0	0	0.00784	7.49557	0.0083	7.93879	7.672677	0.00926	133.593	64.525	84.491	20.91746	0.0893	0.00402	0.0029	262	-0.017242	-1.317749	-1.189575
262	4.512	0	0	0	0	0	0.00776	7.41544	0.00821	7.85228	7.6744254	0.01234	130.745	64.543	84.436	20.92202	0.0896	0.00429	0.00259	263	-0.013275	-1.329193	-1.17569
263	5.075	0	0	0	0	0	0.00787	7.52252	0.00833	7.96566	7.6779222	0.00463	134.55	64.54	84.432	20.91898	0.08871	0.00399	0.00259	264	-0.011597	-1.389313	-1.144409
264	5.309	0	0	0	0	0	0.00785	7.50165	0.00831	7.94116	7.6796705	0.0108	133.817	64.507	84.289	20.91746	0.0899	0.0045	0.00198	265	-0.005188	-1.408234	-1.145325
265	4.775	0	0	0	0	0	0.00778	7.44268	0.00824	7.87914	7.6831673	0.01389	131.722	64.507	84.307	20.9205	0.0902	0.00459	0.00214	266	-0.004425	-1.448212	-1.110077
266	6.127	0	0	0	0	0	0.00794	7.59265	0.00841	8.03629	7.6849156	-0.00309	137.093	64.484	84.212	20.9129	0.0896	0.00438	0.00259	267	0.00061	-1.509094	-1.114044
267	5.284	0	0	0	0	0	0.00781	7.46543	0.00826	7.90082	7.6884124	0.00309	132.535	64.488	84.179	20.91746	0.08811	0.00402	0.00168	268	0.005341	-1.587982	-1.129608
268	5.584	0	0	0	0	0	0.00788	7.5363	0.00835	7.97792	7.6884124	0.00617	135.079	64.451	84.234	20.91594	0.08452	0.00423	0.00214	269	0.009918	-1.580353	-1.121979
269	6.227	0	0	0	0	0	0.00776	7.41348	0.0082	7.84344	7.6901608	0.0108	130.704	64.47	84.05	20.91137	0.08482	0.00453	0.00183	270	0.01358	-1.615448	-1.137695
270	5.499	0	0	0	0	0	0.00776	7.42291	0.00822	7.85501	7.6919091	0.01543	131.03	64.488	84.142	20.91594	0.08154	0.00459	0.00183	271	0.015869	-1.624603	-1.143036
271	6.325	0	0	0	0	0	0.00788	7.52892	0.00834	7.96847	7.6936575	0.00463	134.814	64.451	84.16	20.91137	0.08303	0.00438	0.00076	272	0.017395	-1.687012	-1.141968
272	6.072	0	0	0	0	0	0.00787	7.52535	0.00833	7.96342	7.6954059	0.00772	134.672	64.488	84.142	20.9129	0.08243	0.00399	0.00198	273	0.022888	-1.689911	-1.138916
273	5.793	0	0	0	0	0	0.00783	7.48566	0.00829	7.92424	7.6971542	0.01389	133.248	64.507	84.289	20.91442	0.08213	0.00447	0.00183	274	0.023956	-1.690063	-1.125488
274	6.559	0	0	0	0	0	0.00786	7.51365	0.00832	7.95387	7.6989026	0	134.244	64.51	84.293	20.90985	0.08542	0.00426	0.00229	275	0.025177	-1.695557	-1.122284
275	5.527	0	0	0	0	0	0.0078	7.46166	0.00826	7.89957	7.6989026	0.00772	132.373	64.562	84.381	20.91594	0.08423	0.00399	0.00214	276	0.026855	-1.785278	-1.16272
276	6.574	0	0	0	0	0	0.00788	7.533	0.00834	7.97544	7.7023993	0.00154	134.895	64.613	84.451	20.90985	0.08661	0.00405	0.00168	277	0.033722	-1.851044	-1.641083
277	6.03	0	0	0	0	0	0.00782	7.47565	0.00827	7.91387	7.7041477	0.00772	132.841	64.635	84.436	20.9129	0.08871	0.00399	0.00244	278	0.016327	-1.439972	-1.753235
278	5.496	0	0	0	0	0	0.00776	7.42168	0.00822	7.86078	7.7076445	0.01234	130.928	64.639	84.623	20.91594	0.0905	0.00333	0.00229	279	0.012207	-1.150513	-1.746216
279	6.379	0	0	0	0	0	0.00794	7.597	0.00841	8.04401	7.7093928	-0.00617	137.194	64.621	84.495	20.91137	0.09229	0.00354	0.00153	280	0.015564	-0.959625	-1.697845
280	5.54	0	0	0	0	0	0.00782	7.48161	0.00828	7.92098	7.7128896	0.00309	133.044	64.657	84.495	20.91594	0.09109	0.00363	0.00198	281	0.023041	-0.834351	-1.636505
281	5.862	0	0	0	0	0	0.00792	7.57824	0.00839	8.02492	7.7146379	0.00772	136.503	64.657	84.568	20.91442	0.0902	0.00345	0.00229	282	0.032349	-0.747223	-1.566467
282	6.066	0	0	0	0	0	0.00786	7.52249	0.00833	7.96461	7.7163863	-0.00309	134.489	64.69	84.546	20.9129	0.08871	0.00273	0.00153	283	0.039215	-0.661011	-1.491852
283	5.069	0	0	0	0	0	0.00786	7.51778	0.00832	7.96203	7.7181347	0.0108	134.305	64.727	84.693	20.91898	0.08781	0.00279	0.00198	284	0.046844	-0.612793	-1.434021
284	5.754	0	0	0	0	0	0.00778	7.44031	0.00824	7.88	7.7198831	0.00463	131.559	64.709	84.675	20.91442	0.08482	0.00258	0.00244	285	0.054169	-0.632019	-1.407928
285	5.379	162.433	170.625	0.0331131	13.61225	0.59263	0.00795	7.60517	0.00842	8.05497	7.7198831	0.00617	137.439	64.746	84.73	20.91746	0.08423	0.00303	0.00214	286	0.045624	-0.657806	-1.405487
286	5.306	0	0	0	0	0	0.00784	7.50222	0.00831	7.94721	7.7198831	0.00617	133.756	64.713	84.752	20.91746	0.08542	0.00354	0.00229	287	0.037231	-0.679474	-1.410522
287	5.829	0	0	0	0	0	0.00788	7.53768	0.00835	7.98434	7.7216314	-0.00463	135.018	64.727	84.748	20.91442	0.08423	0.00396	0.00168	288	0.030365	-0.683289	-1.411591
288	5.036	0	0	0	0	0	0.00781	7.46979	0.00827	7.91446	7.7251282	0.00463	132.597	64.727	84.84	20.91898	0.08303	0.00375	0.00305	289	0.02533	-0.672607	-1.424561
289	5.955	0	0	0	0	0	0.00772	7.38467	0.00818	7.82632	7.7286249	0.00772	129.606	64.69	84.895	20.9129	0.08124	0.00333	0.00198	290	0.02243	-0.691528	-1.430969
290	5.625	0	0	0	0	0	0.00794	7.59876	0.00842	8.05111	7.7321217	0.00309	137.215	64.727	84.84	20.91594	0.07975	0.00351	0.00214	291	0.022278	-0.732269	-1.435242
291	5.327	0	0	0	0	0	0.00787	7.53066	0.00834	7.98102	7.7356184	0.00617	134.773	64.709	84.913	20.91746	0.08034	0.00312	0.00229	292	0.022125	-0.774536	-1.447906
292	6.069	0	0	0	0	0	0.00787	7.52554	0.00833	7.97314	7.7391151	0.00617	134.59	64.709	84.803	20.9129	0.07945	0.00327	0.00259	293	0.020447	-0.798492	-1.460114
293	5.342	0	0	0	0	0	0.0079	7.55397	0.00837	8.00401	7.7408635	0.01234	135.587	64.764	84.895	20.91746	0.08034	0.00279	0.00305	294	0.019684	-0.829773	-1.486816
294	6.038	0	0	0	0	0	0.00783	7.48811	0.0083	7.9359	7.7426119	0.01697	133.248	64.727	84.932	20.9129	0.08034	0.00279	0.00137	295	0.018768	-0.857849	-1.518707
295	6.024	0	0	0	0	0	0.00781	7.47192	0.00828	7.91869	7.7443603	0.01234	132.658	64.764	84.969	20.9129	0.08303	0.00327	0.00153	296	0.018158	-0.898285	-1.539307
296	5.273	0	0	0	0	0	0.00779	7.45606	0.00826	7.90186	7.7496054	-0.00154	132.088	64.782	84.987	20.91746	0.08512	0.00354	0.00168	297	0.018005	-0.921021	-1.551514
297	5.991	0	0	0	0	0	0.00777	7.43055	0.00823	7.87364	7.7513537	0.00926	131.193	64.764	84.913	20.9129	0.08452	0.00333	0.00198	298	0.018463	-0.947418	-1.49292
298	5.259	0	0	0	0	0	0.00777	7.43807	0.00824	7.88234	7.7548505	0	131.437	64.819	85.005	20.91746	0.08333	0.00333	0.00122	299	0.020294	-0.97702	-1.478119
299	5.565	0	0	0	0	0	0.00786	7.51782	0.00833	7.96731	7.7565988	0.01389	134.285	64.782	84.987	20.91594	0.08184	0.00309	0.00214	300	0.024567	-1.077728	-1.414642
300	5.564	0	0	0	0	0	0.00786	7.51766	0.00832	7.96628	7.7600956	0.00309	134.265	64.819	84.987	20.91594	0.08273	0.00327	0.00183	301	0.027313	-1.144257	-1.324768
301	4.548	30.525	65.312	0.1490089	2.65033	0.13297	0.00782	7.4825	0.00828	7.92852	7.7583472	0.0108	132.983	64.893	85.042	20.92202	0.08064	0.00309	0.00229	302	0.028381	-1.195526	-1.239929
302	5.571	0	0	0	0	0	0.00787	7.52831	0.00834	7.97833	7.7583472	0.01543	134.631	64.856	85.06	20.91594	0.08213	0.0033	0.00259	303	0.028229	-1.210327	-1.190948
303	4.521	0	0	0	0	0	0.00777	7.43789	0.00823	7.88041	7.7583472	-0.00309	131.396	64.907	85.02	20.92202	0.08184	0.003	0.00168	304	0.025482	-1.214294	-1.088257
304	4.548	0	0	0	0	0	0.00782	7.4825	0.00828	7.92933	7.7600956	0.00309	132.983	64.893	85.079	20.92202	0.07676	0.00279	0.00214	305	0.028229	-1.305237	-1.04599
305	5.114	0	0	0	0	0	0.00793	7.58801	0.0084	8.03828	7.7600956	0.00309	136.767	64.874	84.932	20.91898	0.07795	0.00273	0.00183	306	0.028992	-1.40564	-1.026154
306	4.026	0	0	0	0	0	0.00776	7.42986	0.00822	7.87069	7.761844	-0.00617	131.111	64.911	84.969	20.92506	0.07736	0.00216	0.00244	307	0.029755	-1.50116	-0.975342
307	4.722	0	0	0	0	0	0.0077	7.36768	0.00816	7.80565	7.7635923	0.01543	128.934	64.889	84.983	20.9205	0.07975	0.00213	0.00107	308	0.031586	-1.629791	-0.986328
308	4.833	0	0	0	0	0	0.00788	7.54082	0.00835	7.98824	7.7635923	-0.00154	135.058	64.907	84.965	20.9205	0.08273	0.00213	0.00198	309	0.033875	-1.73233	-1.013489
309	4.255	0	0	0	0	0	0.00773	7.4017	0.0082	7.84493	7.7653407	-0.00617	130.135	64.871	85.112	20.92354	0.08184	0.0021	0.00061	310	0.03418	-1.835632	-1.518097
310	5.102	0	0	0	0	0	0.00791	7.57008	0.00838	8.02098	7.7670891	0.00309	136.137	64.838	84.969	20.91898	0.08303	0.00216	0.00076	311	0.011597	-1.442261	-1.64032
311	4.038	0	0	0	0	0	0.00779	7.45154	0.00825	7.89901	7.7688374	-0.00463	131.905	64.841	85.138	20.92506	0.08363	0.00231	0.00275	312	0.003815	-1.180267	-1.649475
312	4.761	0	0	0	0	0	0.00776	7.4281	0.00823	7.87375	7.7705858	0.00463	131.071	64.856	85.134	20.9205	0.08213	0.00258	0.00229	313	0.003662	-1.014404	-1.61087
313	4.579	0	0	0	0	0	0.00787	7.53193	0.00834	7.98255	7.7723342	0.01234	134.753	64.874	85.097	20.92202	0.08184	0.00213	0.00244	314	0.007477	-0.892029	-1.553802
314	4.029	0	0	0	0	0	0.00777	7.43542	0.00823	7.88186	7.7740826	0.00309	131.315	64.893	85.189	20.92506	0.07945	0.00216	0.0029	315	0.012665	-0.815125	-1.500549
315	4.789	0	0	0	0	0	0.00781	7.47142	0.00828	7.92045	7.7758309	0.00926	132.597	64.874	85.189	20.9205	0.08034	0.00213	0.00107	316	0.015411	-0.841064	-1.452026
316	3.804	0	0	0	0	0	0.00781	7.47641	0.00828	7.92325	7.7775793	0.00926	132.759	64.911	85.115	20.92658	0.07706	0.00135	0.00046	317	0.000305	-0.822906	-1.425323
317	4.071	0	0	0	0	0	0.00785	7.51392	0.00832	7.9667	7.781076	0.0108	134.102	64.893	85.262	20.92506	0.07795	0.00156	0.00092	318	-0.010834	-0.813446	-1.403809
318	4.58	0	0	0	0	0	0.00787	7.53616	0.00834	7.98735	7.7845728	0.00772	134.875	64.948	85.189	20.92202	0.07736	0.00159	0.00122	319	-0.021057	-0.811462	-1.404877
319	3.818	0	0	0	0	0	0.00784	7.50581	0.00831	7.95595	7.7863212	-0.00309	133.777	64.985	85.262	20.92658	0.07736	0.00207	0.00168	320	-0.028839	-0.836639	-1.41571
320	4.59	0	0	0	0	0	0.00789	7.55056	0.00836	8.00306	7.7880695	0.01852	135.404	64.915	85.174	20.92202	0.07795	0.0021	0.00214	321	-0.034943	-0.834503	-1.415863
321	3.8	0	0	0	0	0	0.0078	7.46879	0.00827	7.91716	7.7898179	0.00463	132.474	64.948	85.244	20.92658	0.07676	0.00189	0.00092	322	-0.040588	-0.836182	-1.403961
322	3.783	228.474	83.51	0.0165565	20.55585	0.41693	0.00777	7.43643	0.00824	7.88483	7.7898179	0.00154	131.315	64.985	85.373	20.92658	0.07676	0.00159	0.00168	323	-0.044708	-0.877228	-1.422729
323	4.523	0	0	0	0	0	0.00777	7.44141	0.00824	7.88852	7.7898179	0.0108	131.498	64.966	85.281	20.92202	0.07288	0.00177	0.00244	324	-0.045929	-0.921173	-1.456604
324	3.539	213.781	0	0.0165565	17.6652	0.54082	0.00777	7.44202	0.00824	7.88989	7.7898179	-0.00154	131.498	65.022	85.373	20.9281	0.07317	0.00183	0.00153	325	-0.047913	-0.940704	-1.484985
325	4.62	0	0	0	0	0	0.00794	7.60279	0.00842	8.06121	7.7898179	0.00772	137.256	64.985	85.373	20.92202	0.07347	0.00204	0.00107	326	-0.049896	-0.955811	-1.503296
326	4.084	0	0	0	0	0	0.00787	7.53921	0.00835	7.99171	7.7915663	0.0108	134.957	65.018	85.314	20.92506	0.07258	0.00138	0.00031	327	-0.050507	-0.968628	-1.534424
327	4.021	0	0	0	0	0	0.00775	7.42284	0.00822	7.86917	7.7933146	0.00154	130.826	65.007	85.34	20.92506	0.07377	0.00135	0.00183	328	-0.048523	-0.970306	-1.481934
328	4.61	0	0	0	0	0	0.00792	7.5857	0.0084	8.04147	7.795063	0.02623	136.645	64.97	85.284	20.92202	0.07258	0.00135	0.00229	329	-0.04364	-1.023254	-1.425018
329	3.575	0	0	0	0	0	0.00785	7.51763	0.00832	7.9672	7.7985598	0.01697	134.183	65.022	85.244	20.9281	0.07317	0.00135	0.00122	330	-0.039062	-1.106873	-1.370697
330	4.336	0	0	0	0	0	0.00788	7.54587	0.00835	7.99838	7.8020565	0.0108	135.201	65.003	85.281	20.92354	0.07317	0.00135	0.00092	331	-0.034027	-1.128082	-1.339874
331	4.094	0	0	0	0	0	0.00789	7.55891	0.00837	8.00974	7.8038049	0.01697	135.669	65.003	85.171	20.92506	0.07258	0.00135	0.00153	332	-0.031586	-1.165771	-1.290894
332	3.612	0	0	0	0	0	0.00793	7.59357	0.00841	8.04851	7.8055532	-0.00309	136.91	65.018	85.277	20.9281	0.07377	0.00135	0.00183	333	-0.026855	-1.222076	-1.227722
333	4.559	0	0	0	0	0	0.00784	7.50141	0.00831	7.95051	7.8073016	0.00463	133.634	64.948	85.189	20.92202	0.07258	0.00132	0.00366	334	-0.019226	-1.311951	-1.199188
334	3.547	0	0	0	0	0	0.00779	7.45481	0.00825	7.90196	7.80905	0.00309	131.986	64.93	85.207	20.9281	0.07347	0.00135	0.00275	335	-0.011902	-1.371765	-1.161499
335	3.822	0	0	0	0	0	0.00785	7.51339	0.00832	7.96689	7.8107983	0	134.061	64.948	85.354	20.92658	0.07288	0.00093	0.00137	336	-0.00824	-1.403351	-1.121826
336	4.127	0	0	0	0	0	0.00796	7.61736	0.00843	8.07426	7.8125467	0.02623	137.805	64.93	85.207	20.92506	0.07228	0.00135	0.00168	337	-0.003052	-1.508636	-1.124725
337	3.256	0	0	0	0	0	0.00768	7.35725	0.00815	7.80005	7.8160435	0.01852	128.528	64.999	85.351	20.92962	0.07108	0.00135	0.00198	338	0.005798	-1.587219	-1.120148
338	3.818	0	0	0	0	0	0.00784	7.50479	0.00831	7.95574	7.8195402	0.00463	133.756	64.944	85.259	20.92658	0.07019	0.00135	0.00168	339	0.013428	-1.662903	-1.111298
339	3.079	0	0	0	0	0	0.00785	7.51661	0.00832	7.96828	7.8195402	0.01543	134.183	64.93	85.244	20.93114	0.07049	0.00135	0.00076	340	0.018005	-1.717834	-1.113281
340	3.111	0	0	0	0	0	0.00793	7.59542	0.00841	8.05216	7.8212886	0.01389	136.991	64.981	85.314	20.93114	0.0678	0.00135	0.00061	341	0.022278	-1.788788	-1.577606
341	3.823	230.881	590.544	0.0165565	13.92975	0.0156	0.00785	7.5151	0.00832	7.96537	7.8230369	0.0108	134.102	64.999	85.259	20.92658	0.0684	0.00081	0.00168	342	0.007172	-1.366882	-1.697693
342	2.805	18.827	55.771	0.1490089	1.53429	0	0.00778	7.45106	0.00825	7.89861	7.8212886	0.00926	131.803	65.058	85.373	20.93266	0.0684	0.00078	0.00153	343	0.010376	-1.117859	-1.717987
343	3.292	0	0	0	0	0	0.00777	7.43799	0.00823	7.88481	7.8212886	-0.0108	131.355	65.022	85.336	20.92962	0.0675	0.00087	0.00229	344	0.019073	-0.946045	-1.679535
344	3.086	0	0	0	0	0	0.00787	7.53625	0.00834	7.98729	7.8230369	0.00154	134.834	65.058	85.299	20.93114	0.0681	0.00135	0.00107	345	0.027924	-0.795441	-1.612091
345	2.548	0	0	0	0	0	0.00775	7.41919	0.00821	7.86397	7.8247853	0.00309	130.664	65.095	85.373	20.93418	0.0672	0.00138	0.00183	346	0.0383	-0.691528	-1.539459
346	3.549	0	0	0	0	0	0.00779	7.46255	0.00826	7.9108	7.8265337	0.00154	132.21	65.058	85.373	20.9281	0.06571	0.00081	0.00305	347	0.045776	-0.692749	-1.49826
347	2.571	0	0	0	0	0	0.00782	7.48626	0.00829	7.93672	7.8300304	0.02006	133.044	65.077	85.428	20.93418	0.06571	0.00078	0.00275	348	0.039062	-0.687408	-1.476746
348	3.065	0	0	0	0	0	0.00782	7.48413	0.00829	7.93655	7.8335272	0.01234	132.983	65.04	85.483	20.93114	0.06541	0.00087	0.00229	349	0.033569	-0.679779	-1.468658
349	3.344	0	0	0	0	0	0.00789	7.55536	0.00837	8.01085	7.8370239	0	135.526	65.04	85.428	20.92962	0.06601	0.00156	0.00229	350	0.028229	-0.699463	-1.46347
350	2.305	0	0	0	0	0	0.00775	7.42591	0.00822	7.87557	7.8387723	0.00772	130.908	65.077	85.556	20.93571	0.06511	0.00129	0.00107	351	0.023499	-0.687103	-1.439972
351	3.302	0	0	0	0	0	0.00779	7.46021	0.00826	7.91157	7.8405207	-0.00617	132.129	65.055	85.516	20.92962	0.06601	0.00081	0.00137	352	0.022125	-0.708008	-1.439209
352	2.317	0	0	0	0	0	0.00779	7.46349	0.00827	7.91621	7.8440174	0.00617	132.23	65.091	85.608	20.93571	0.06541	0.00129	0.00107	353	0.021057	-0.766144	-1.459351
353	2.327	0	0	0	0	0	0.00783	7.49484	0.0083	7.9507	7.8457658	0.00463	133.349	65.077	85.648	20.93571	0.06571	0.00105	0.00153	354	0.020294	-0.806885	-1.477661
354	3.051	0	0	0	0	0	0.00778	7.45183	0.00825	7.90217	7.8475141	0.00154	131.803	65.128	85.571	20.93114	0.06601	0.00078	0.00259	355	0.019684	-0.834198	-1.491699
355	1.821	0	0	0	0	0	0.00778	7.45108	0.00825	7.90214	7.8510109	0.01697	131.762	65.165	85.645	20.93875	0.06481	0.00078	0.00244	356	0.018768	-0.853882	-1.506958
356	2.555	0	0	0	0	0	0.00777	7.44072	0.00824	7.89277	7.8545076	0.00463	131.396	65.165	85.718	20.93418	0.06362	0.00078	0.00198	357	0.019226	-0.878143	-1.54541
357	2.05	0	0	0	0	0	0.00771	7.39026	0.00818	7.83798	7.8580044	0	129.606	65.202	85.7	20.93723	0.06302	0.00123	0.00198	358	0.018921	-0.92804	-1.560822
358	1.826	0	0	0	0	0	0.0078	7.4745	0.00828	7.92976	7.8597527	0.01543	132.576	65.205	85.814	20.93875	0.06571	0.00129	0.00153	359	0.019989	-0.972443	-1.481934
359	2.359	0	0	0	0	0	0.00793	7.60055	0.00842	8.06186	7.8632495	0	137.093	65.187	85.722	20.93571	0.06571	0.00129	0.00153	360	0.022583	-1.024475	-1.390228
360	1.564	0	0	0	0	0	0.00773	7.40151	0.00819	7.84989	7.8649978	0.01543	129.992	65.224	85.722	20.94027	0.06511	0.00108	0.00244	361	0.024414	-1.101379	-1.344604
361	2.039	0	0	0	0	0	0.00768	7.35386	0.00814	7.80015	7.8667462	0.01852	128.324	65.224	85.758	20.93723	0.06601	0.00078	0.00122	362	0.025482	-1.159821	-1.29837
362	2.113	0	0	0	0	0	0.00795	7.6188	0.00843	8.07906	7.8667462	0	137.723	65.257	85.7	20.93723	0.06541	0.00078	0.00198	363	0.026703	-1.199951	-1.230621
363	1.334	0	0	0	0	0	0.00781	7.48007	0.00828	7.93399	7.8684946	0.00772	132.759	65.242	85.777	20.94179	0.06869	0.00078	0.00229	364	0.026703	-1.212769	-1.16394
364	2.297	138.715	166.228	0.0165565	13.94923	0	0.00772	7.40109	0.00819	7.84742	7.8684946	0.00309	129.972	65.239	85.645	20.93571	0.06869	0.00078	0.00137	365	0.025635	-1.224976	-1.114807
365	1.336	0	0	0	0	0	0.00782	7.49683	0.0083	7.95054	7.8684946	-0.00154	133.349	65.257	85.736	20.94179	0.07049	0.00102	0.00198	366	0.025024	-1.285248	-1.042938
366	1.583	0	0	0	0	0	0.00782	7.49091	0.00829	7.94469	7.8684946	0.00154	133.146	65.239	85.736	20.94027	0.07049	0.00078	0.00168	367	0.027771	-1.356659	-0.998077
367	2.095	126.507	0	0.0165565	13.25384	0.01567	0.00788	7.55303	0.00836	8.00811	7.8684946	-0.0108	135.363	65.239	85.626	20.93723	0.0675	0.00081	0.00153	368	0.028687	-1.459503	-0.976105
368	1.085	0	0	0	0	0	0.00779	7.46626	0.00826	7.91489	7.8684946	-0.00463	132.271	65.239	85.571	20.94331	0.06869	0.00081	0.00168	369	0.030518	-1.524658	-0.959015
369	2.075	0	0	0	0	0	0.00781	7.48056	0.00828	7.93176	7.870243	0.01234	132.8	65.183	85.589	20.93723	0.06541	0.00078	0.00168	370	0.028992	-1.614227	-0.961304
370	1.593	0	0	0	0	0	0.00787	7.54013	0.00834	7.99284	7.8737397	0.0108	134.916	65.202	85.516	20.94027	0.06571	0.00078	0.00229	371	0.031586	-1.721649	-0.997162
371	1.581	0	0	0	0	0	0.00781	7.48016	0.00828	7.93178	7.8772364	0.01389	132.8	65.147	85.571	20.94027	0.06601	0.00081	0.00229	372	0.033875	-1.797028	-1.040497
372	2.109	0	0	0	0	0	0.00794	7.60353	0.00841	8.05923	7.8807332	0.00154	137.194	65.202	85.479	20.93723	0.06511	0.00078	0.00168	373	0.032959	-1.891785	-1.566162
373	1.349	0	0	0	0	0	0.00789	7.56149	0.00837	8.01722	7.8842299	0.00617	135.709	65.132	85.52	20.94179	0.06601	0.00078	0.00168	374	0.011292	-1.491089	-1.686249
374	2.093	0	0	0	0	0	0.00788	7.54462	0.00835	7.99939	7.8859783	0.02315	135.119	65.095	85.483	20.93723	0.06511	0.00078	0.0029	375	0.00412	-1.204987	-1.68457
375	2.062	0	0	0	0	0	0.00776	7.43439	0.00823	7.88128	7.8877267	0.00154	131.193	65.113	85.446	20.93723	0.06541	0.00105	0.00336	376	0.004272	-1.021423	-1.643066
376	1.583	47.817	294.541	0.0331131	4.99199	0.00777	0.00782	7.49047	0.0083	7.94563	7.8877267	0.0108	133.187	65.095	85.648	20.94027	0.06362	0.00081	0.0032	377	0.007324	-0.914764	-1.580658
377	2.59	0	0	0	0	0	0.00787	7.54117	0.00835	7.99655	7.8877267	0.00463	134.997	65.091	85.516	20.93418	0.06362	0.00078	0.00198	378	0.011444	-0.896301	-1.526794
378	1.581	0	0	0	0	0	0.00781	7.47905	0.00828	7.93142	7.889475	0.00309	132.759	65.15	85.611	20.94027	0.06362	0.00081	0.00229	379	-0.002899	-0.849609	-1.481476
379	2.121	64.042	85.87	0.0331131	4.72152	0	0.00798	7.64394	0.00847	8.10759	7.889475	0.00309	138.7	65.095	85.611	20.93723	0.06272	0.00078	0.00275	380	-0.015564	-0.823059	-1.451416
380	2.343	0	0	0	0	0	0.00788	7.54787	0.00835	8.00196	7.889475	0.00617	135.221	65.132	85.483	20.93571	0.06362	0.00126	0.00183	381	-0.023804	-0.829773	-1.448517
381	1.84	0	0	0	0	0	0.00786	7.52834	0.00833	7.98039	7.8912234	-0.00617	134.509	65.165	85.479	20.93875	0.06302	0.00084	0.00244	382	-0.030212	-0.834808	-1.432343
382	2.566	0	0	0	0	0	0.0078	7.47005	0.00827	7.91705	7.8947202	0.01697	132.454	65.113	85.354	20.93418	0.06302	0.00081	0.00214	383	-0.035553	-0.865173	-1.428375
383	1.822	0	0	0	0	0	0.00778	7.45437	0.00825	7.89957	7.8982169	-0.00154	131.884	65.15	85.354	20.93875	0.06332	0.00078	0.00168	384	-0.042114	-0.875549	-1.432343
384	1.846	0	0	0	0	0	0.00788	7.55278	0.00836	8.00425	7.9017136	0.01389	135.384	65.165	85.387	20.93875	0.06242	0.00078	0.00122	385	-0.044403	-0.898132	-1.452026
385	2.345	0	0	0	0	0	0.00789	7.55602	0.00836	8.00442	7.903462	0.00772	135.506	65.15	85.226	20.93571	0.06362	0.00081	0.00198	386	-0.045471	-0.935211	-1.480408
386	1.597	0	0	0	0	0	0.00789	7.55582	0.00836	8.00704	7.9052104	0.00309	135.486	65.183	85.387	20.94027	0.06272	0.00081	0.00168	387	-0.047913	-0.960083	-1.516418
387	2.1	8.456	11.33	0.2483481	0.75465	0.00105	0.0079	7.57071	0.00838	8.02328	7.9052104	0.00309	136.035	65.147	85.369	20.93723	0.06511	0.00081	0.00198	388	-0.048981	-0.961151	-1.52832
388	1.591	6.864	12.071	0.2317916	0.6991	0	0.00786	7.52854	0.00833	7.97772	7.9017136	0.00309	134.509	65.183	85.369	20.94027	0.06332	0.00078	0.00107	389	-0.050354	-0.970612	-1.546478
389	1.363	0	0	0	0	0	0.00798	7.64157	0.00845	8.09915	7.9017136	0.00463	138.578	65.183	85.442	20.94179	0.06272	0.00081	0.0029	390	-0.047607	-0.972137	-1.551361
390	2.07	0	0	0	0	0	0.00779	7.46127	0.00825	7.90486	7.9017136	0.00154	132.129	65.15	85.262	20.93723	0.06332	0.0009	0.00275	391	-0.044403	-1.012268	-1.465149
391	1.324	0	0	0	0	0	0.00775	7.42712	0.00822	7.87025	7.903462	-0.01234	130.908	65.187	85.373	20.94179	0.06242	0.00081	0.00092	392	-0.039825	-1.080017	-1.425018
392	1.824	0	0	0	0	0	0.00779	7.46356	0.00826	7.9077	7.903462	0.01543	132.21	65.15	85.281	20.93875	0.06332	0.00078	0.00183	393	-0.036163	-1.123505	-1.344604
393	1.832	0	0	0	0	0	0.00783	7.49659	0.00829	7.94068	7.9069587	0.00463	133.39	65.132	85.171	20.93875	0.06332	0.00078	0.00259	394	-0.03006	-1.185608	-1.285248
394	1.333	0	0	0	0	0	0.0078	7.47521	0.00827	7.91805	7.9069587	-0.00617	132.637	65.113	85.152	20.94179	0.06272	0.00078	0.0032	395	-0.023804	-1.239471	-1.23703
395	2.357	0	0	0	0	0	0.00793	7.59121	0.0084	8.04141	7.9087071	-0.00617	136.808	65.058	85.115	20.93571	0.06362	0.00081	0.00275	396	-0.019531	-1.261292	-1.205902
396	1.342	0	0	0	0	0	0.00786	7.52353	0.00832	7.9705	7.9087071	0.00617	134.367	65.091	85.185	20.94179	0.06242	0.00078	0.00305	397	-0.01709	-1.323242	-1.144409
397	1.581	0	0	0	0	0	0.00781	7.47783	0.00827	7.9237	7.9122039	0.00309	132.739	65.091	85.259	20.94027	0.06332	0.00078	0.00229	398	-0.011139	-1.417847	-1.107788
398	1.837	0	0	0	0	0	0.00785	7.51613	0.00831	7.96265	7.9139522	0.01234	134.102	65.091	85.185	20.93875	0.06272	0.00087	0.00183	399	0	-1.507721	-1.096649
399	1.072	0	0	0	0	0	0.0077	7.37822	0.00816	7.81893	7.9191973	0.00309	129.219	65.11	85.314	20.94331	0.06302	0.00081	0.00122	400	0.00946	-1.609344	-1.103973
400	1.822	0	0	0	0	0	0.00779	7.45582	0.00825	7.9	7.9209457	0.01234	131.966	65.073	85.222	20.93875	0.06332	0.00078	0.00229	401	0.018921	-1.707916	-1.113129
401	1.327	0	0	0	0	0	0.00777	7.43916	0.00823	7.88106	7.9244425	0.01543	131.355	65.128	85.222	20.94179	0.06272	0.00078	0.00244	402	0.03067	-1.786194	-1.578064
402	1.324	0	0	0	0	0	0.00775	7.424	0.00821	7.86737	7.9261908	-0.00463	130.806	65.165	85.369	20.94179	0.06362	0.00078	0.00198	403	0.015869	-1.376343	-1.693268
403	1.811	0	0	0	0	0	0.00774	7.41013	0.0082	7.85066	7.9279392	0.01543	130.318	65.165	85.277	20.93875	0.06272	0.00078	0.00107	404	0.014801	-1.091614	-1.700745
404	1.071	0	0	0	0	0	0.00769	7.36782	0.00815	7.80663	7.9279392	0.01852	128.833	65.169	85.318	20.94331	0.06332	0.00078	0.00076	405	0.020905	-0.896301	-1.660919
405	1.574	0	0	0	0	0	0.00778	7.44993	0.00824	7.89242	7.9296876	0.00926	131.722	65.165	85.259	20.94027	0.06332	0.00078	0.00214	406	0.032196	-0.788269	-1.604004
406	1.576	95.16	585.562	0.0165565	9.2076	0	0.00778	7.45417	0.00825	7.89817	7.9296876	0.0108	131.884	65.132	85.281	20.94027	0.06272	0.00078	0.00076	407	0.041656	-0.76355	-1.54953
407	1.09	65.842	0	0.0165565	9.9977	0	0.00783	7.5019	0.0083	7.94954	7.9296876	-0.00772	133.573	65.147	85.332	20.94331	0.06362	0.00078	0.00198	408	0.034637	-0.722046	-1.511383
408	1.842	0	0	0	0	0	0.00787	7.53646	0.00834	7.98708	7.9296876	0.02315	134.834	65.077	85.299	20.93875	0.06272	0.00081	0.00183	409	0.028839	-0.688324	-1.491089
409	1.082	0	0	0	0	0	0.00777	7.44319	0.00824	7.88897	7.9314359	0.00617	131.498	65.128	85.387	20.94331	0.06332	0.00078	0.00244	410	0.025787	-0.729675	-1.491852
410	1.317	0	0	0	0	0	0.00771	7.38615	0.00818	7.82976	7.9331843	0.00772	129.504	65.091	85.406	20.94179	0.06302	0.00078	0.00153	411	0.023346	-0.716248	-1.483307
411	1.603	0	0	0	0	0	0.00792	7.58162	0.00839	8.03324	7.9349327	0.02315	136.442	65.11	85.259	20.94027	0.06302	0.00078	0.00183	412	0.020752	-0.741119	-1.475067
412	0.588	0	0	0	0	0	0.00775	7.41881	0.00821	7.86436	7.9366811	0.02469	130.643	65.113	85.428	20.94635	0.06332	0.00078	0.00214	413	0.019684	-0.75943	-1.469116
413	1.585	0	0	0	0	0	0.00783	7.49921	0.0083	7.94755	7.9401778	0.00617	133.492	65.11	85.332	20.94027	0.06272	0.00078	0.0029	414	0.019226	-0.792084	-1.489716
414	1.073	0	0	0	0	0	0.00771	7.38617	0.00817	7.82651	7.9419262	0.00772	129.484	65.147	85.314	20.94331	0.06332	0.00081	0.00214	415	0.018768	-0.841522	-1.517792
415	1.327	0	0	0	0	0	0.00777	7.44299	0.00824	7.88878	7.9436745	-0.00463	131.498	65.11	85.369	20.94179	0.06302	0.00081	0.0029	416	0.018311	-0.862122	-1.534424
416	1.594	0	0	0	0	0	0.00787	7.54008	0.00834	7.98884	7.9471713	0	134.957	65.095	85.226	20.94027	0.06302	0.00081	0.00168	417	0.018005	-0.879364	-1.544647
417	0.838	0	0	0	0	0	0.0078	7.46676	0.00826	7.91314	7.950668	0.00926	132.332	65.128	85.351	20.94483	0.06332	0.00078	0.0032	418	0.018768	-0.888214	-1.590271
418	1.61	0	0	0	0	0	0.00795	7.6175	0.00843	8.0717	7.9524164	0.00154	137.744	65.091	85.259	20.94027	0.06272	0.00078	0.00305	419	0.018921	-0.878448	-1.581116
419	1.578	0	0	0	0	0	0.00779	7.4639	0.00826	7.90896	7.9559131	0.01234	132.251	65.077	85.244	20.94027	0.06362	0.00078	0.0029	420	0.023804	-0.945282	-1.502075
420	1.098	0	0	0	0	0	0.00789	7.5518	0.00836	8.00333	7.9594099	0.00309	135.384	65.077	85.299	20.94331	0.06272	0.00078	0.00336	421	0.028381	-1.031647	-1.452789
421	1.836	0	0	0	0	0	0.00784	7.51079	0.00831	7.95824	7.9611582	-0.00309	133.919	65.073	85.222	20.93875	0.06332	0.00081	0.00214	422	0.030212	-1.066589	-1.353607
422	1.08	0	0	0	0	0	0.00776	7.43286	0.00822	7.87439	7.9611582	0.02006	131.132	65.132	85.226	20.94331	0.06332	0.00078	0.00259	423	0.032349	-1.175385	-1.307526
423	1.345	13.543	0	0.0993393	1.55308	0	0.00788	7.54385	0.00834	7.99238	7.9611582	-0.00309	135.079	65.128	85.24	20.94179	0.06272	0.00078	0.00244	424	0.033112	-1.24527	-1.275024
424	1.816	7.835	0	0.2317916	0.69015	0	0.00776	7.4313	0.00822	7.87109	7.9594099	0	131.071	65.147	85.167	20.93875	0.06332	0.00078	0.00244	425	0.032959	-1.247253	-1.189423
425	0.845	7.29	24.116	0.1158958	1.32759	0	0.00785	7.52456	0.00832	7.96941	7.9576615	0.00309	134.367	65.183	85.185	20.94483	0.06272	0.00078	0.00214	426	0.030518	-1.312408	-1.128082
426	1.836	0	0	0	0	0	0.00784	7.51218	0.0083	7.95472	7.9576615	0.00463	133.939	65.147	85.075	20.93875	0.06362	0.00078	0.00229	427	0.030975	-1.354523	-1.09024
427	1.082	0	0	0	0	0	0.00777	7.4434	0.00823	7.88148	7.9594099	0.00772	131.498	65.147	85.057	20.94331	0.06302	0.00078	0.00259	428	0.030365	-1.401978	-1.051331
428	1.087	0	0	0	0	0	0.00781	7.47803	0.00827	7.91861	7.9611582	0.00309	132.739	65.11	85.038	20.94331	0.06063	0.00081	0.0029	429	0.032501	-1.455383	-1.013031
429	1.851	0	0	0	0	0	0.00791	7.57519	0.00837	8.01782	7.964655	-0.00309	136.218	65.091	84.855	20.93875	0.06093	0.00078	0.00275	430	0.032959	-1.529388	-0.988617
430	0.837	0	0	0	0	0	0.00778	7.45545	0.00824	7.89229	7.9681517	0.02006	131.945	65.091	84.91	20.94483	0.06003	0.00078	0.00305	431	0.032806	-1.63208	-0.968933
431	1.587	0	0	0	0	0	0.00784	7.50692	0.0083	7.94645	7.9681517	0.00309	133.797	65.033	84.833	20.94027	0.06332	0.00078	0.00259	432	0.033875	-1.705475	-0.966492
432	1.344	0	0	0	0	0	0.00787	7.53487	0.00833	7.97685	7.9699001	0.01852	134.794	65.036	84.873	20.94179	0.06272	0.00078	0.00229	433	0.034485	-1.813049	-1.431122
433	1.088	0	0	0	0	0	0.00782	7.48405	0.00828	7.92475	7.9733968	0.01543	133.003	64.981	84.891	20.94331	0.06302	0.00081	0.00259	434	0.012817	-1.48407	-1.571655
434	1.863	0	0	0	0	0	0.00796	7.61793	0.00843	8.06492	7.9751452	-0.00154	137.825	64.93	84.766	20.93875	0.06332	0.00081	0.00244	435	0.006256	-1.276398	-1.595154
435	0.827	0	0	0	0	0	0.00769	7.36345	0.00814	7.79545	7.9821387	0.01697	128.751	64.981	84.818	20.94483	0.06272	0.00081	0.00229	436	0.005951	-1.123047	-1.563873
436	1.35	0	0	0	0	0	0.00791	7.56674	0.00837	8.01243	7.9838871	0.0216	135.994	64.893	84.803	20.94179	0.06332	0.00078	0.00244	437	0.00824	-1.01181	-1.508942
437	1.606	48.488	85.098	0.0331131	4.56818	0	0.00793	7.59218	0.00839	8.03476	7.9838871	0.00309	136.889	64.944	84.653	20.94027	0.06242	0.00078	0.00168	438	0.009766	-0.916595	-1.437225
438	0.839	0	0	0	0	0	0.0078	7.464	0.00825	7.89953	7.9838871	0.00926	132.312	64.93	84.656	20.94483	0.06332	0.00081	0.00259	439	-0.006409	-0.922241	-1.401825
439	1.856	12.458	28.356	0.1490089	1.04259	0	0.00793	7.59218	0.00839	8.03187	7.9856354	0.00463	136.889	64.944	84.524	20.93875	0.06272	0.00078	0.00397	440	-0.018311	-0.877686	-1.362457
440	1.106	11.131	99.408	0.0993393	1.60765	0	0.00794	7.60463	0.0084	8.04503	7.9821387	0.0108	137.337	64.948	84.528	20.94331	0.06302	0.00078	0.00305	441	-0.029907	-0.791321	-1.31134
441	1.085	0	0	0	0	0	0.00779	7.46031	0.00825	7.89322	7.9856354	0.0108	132.19	64.907	84.524	20.94331	0.06362	0.00078	0.00275	442	-0.038757	-0.780792	-1.26709
442	1.836	0	0	0	0	0	0.00784	7.50728	0.0083	7.94088	7.9943773	-0.00463	133.858	64.911	84.436	20.93875	0.06272	0.00078	0.00214	443	-0.04364	-0.78949	-1.252441
443	0.832	10.049	49.776	0.0827827	1.92647	0	0.00773	7.4033	0.00818	7.8329	7.9961257	0.00463	130.175	64.911	84.528	20.94483	0.06332	0.00078	0.00229	444	-0.049286	-0.794983	-1.253204
444	1.592	13.74	60.249	0.1158958	1.32947	0.00223	0.00787	7.52868	0.00832	7.96395	7.9943773	0.00772	134.631	64.889	84.432	20.94027	0.06272	0.00081	0.00198	445	-0.053711	-0.836792	-1.275635
445	1.109	22.32	28.475	0.0496696	3.22388	0	0.00797	7.62484	0.00843	8.06559	7.9943773	0.00154	138.069	64.944	84.487	20.94331	0.06302	0.00078	0.0029	446	-0.055847	-0.909729	-1.317444
446	0.836	1.87	37.045	0.4470267	0.35851	0	0.00777	7.43961	0.00822	7.86971	7.9926289	0.01852	131.457	64.907	84.451	20.94483	0.06332	0.00078	0.00244	447	-0.054932	-0.956879	-1.3591
447	1.834	3.82	0	0.4801398	0.31966	0	0.00784	7.49872	0.00829	7.92985	7.9873838	0	133.573	64.86	84.293	20.93875	0.06272	0.00078	0.00122	448	-0.05127	-1.030273	-1.303406
448	0.837	0	0	0	0	0	0.00778	7.44808	0.00823	7.87666	7.9856354	0.00772	131.762	64.893	84.344	20.94483	0.06332	0.00078	0.00153	449	-0.044708	-1.141815	-1.261292
449	1.333	0	0	0	0	0	0.0078	7.4668	0.00825	7.89858	7.9891322	0.00309	132.454	64.819	84.362	20.94179	0.06033	0.00081	0.00198	450	-0.037842	-1.197662	-1.219177
450	1.357	0	0	0	0	0	0.00794	7.60165	0.0084	8.03874	7.9908806	-0.00154	137.276	64.834	84.267	20.94179	0.06302	0.00078	0.00275	451	-0.030975	-1.2146	-1.154938
451	0.593	0	0	0	0	0	0.00781	7.47024	0.00826	7.901	7.9943773	0.0108	132.576	64.819	84.307	20.94635	0.06272	0.00078	0.00366	452	-0.025635	-1.229706	-1.107941
452	1.834	0	0	0	0	0	0.00784	7.4986	0.00829	7.92858	7.997874	0.02006	133.593	64.797	84.175	20.93875	0.06212	0.00078	0.00229	453	-0.020294	-1.361694	-1.100006
453	1.081	0	0	0	0	0	0.00777	7.43231	0.00821	7.86008	8.0013708	0.00463	131.233	64.819	84.271	20.94331	0.06302	0.00078	0.00214	454	-0.008545	-1.486816	-1.118011
454	0.838	0	0	0	0	0	0.00779	7.45815	0.00824	7.88781	8.0031192	0.01852	132.149	64.816	84.285	20.94483	0.06003	0.00078	0.00259	455	0.002136	-1.540527	-1.09726
455	1.577	0	0	0	0	0	0.00779	7.45298	0.00824	7.88113	8.0048675	-0.00926	131.966	64.816	84.23	20.94027	0.06123	0.00078	0.00259	456	0.011139	-1.624298	-1.105042
456	0.842	25.424	712.886	0.0331131	3.77733	0	0.00783	7.49043	0.00827	7.91868	8.0048675	0.02623	133.288	64.834	84.157	20.94483	0.06063	0.00078	0.00229	457	0.02243	-1.6922	-1.163177
457	1.58	0	0	0	0	0	0.00781	7.46807	0.00825	7.89267	8.0048675	0.00772	132.515	64.779	83.991	20.94027	0.06272	0.00078	0.0032	458	0.031891	-1.75354	-1.657104
458	1.34	0	0	0	0	0	0.00785	7.50854	0.00829	7.93539	8.0066159	-0.00463	133.939	64.819	84.032	20.94179	0.06302	0.00081	0.00229	459	0.018768	-1.340942	-1.773376
459	0.849	0	0	0	0	0	0.00789	7.55119	0.00834	7.98211	8.0083643	-0.00309	135.465	64.819	84.105	20.94483	0.06212	0.00078	0.00183	460	0.017548	-1.015015	-1.766815
460	1.597	0	0	0	0	0	0.00789	7.54649	0.00833	7.97428	8.0083643	0.00154	135.302	64.804	83.962	20.94027	0.06332	0.00078	0.00229	461	0.024414	-0.796509	-1.721954
461	1.086	0	0	0	0	0	0.0078	7.46696	0.00825	7.89264	8.0101126	0.01234	132.454	64.834	84.102	20.94331	0.06302	0.00078	0.00259	462	0.035248	-0.66391	-1.654053
462	1.584	0	0	0	0	0	0.00782	7.48488	0.00827	7.91333	8.011861	0.0108	133.125	64.746	84.087	20.94027	0.06302	0.00078	0.00259	463	0.045776	-0.62561	-1.604309
463	1.343	0	0	0	0	0	0.00786	7.52501	0.00831	7.95247	8.0136094	0.00154	134.55	64.764	83.958	20.94179	0.06332	0.00078	0.00137	464	0.03952	-0.592499	-1.563568
464	0.839	0	0	0	0	0	0.0078	7.46541	0.00825	7.89315	8.0171061	0.00772	132.434	64.746	84.105	20.94483	0.06272	0.00078	0.0029	465	0.034027	-0.571594	-1.538239
465	1.327	0	0	0	0	0	0.00777	7.43069	0.00821	7.85452	8.0188545	-0.00309	131.233	64.672	83.94	20.94179	0.06362	0.00081	0.00366	466	0.030212	-0.524292	-1.506042
466	0.845	0	0	0	0	0	0.00786	7.51928	0.00831	7.94647	8.0206029	-0.00309	134.367	64.709	83.903	20.94483	0.06272	0.00078	0.00366	467	0.029449	-0.554047	-1.496735
467	1.088	0	0	0	0	0	0.00781	7.4745	0.00826	7.90121	8.0223512	0.01543	132.78	64.687	83.973	20.94331	0.06093	0.00078	0.00259	468	0.028992	-0.576935	-1.488495
468	1.588	0	0	0	0	0	0.00784	7.50426	0.00829	7.93267	8.0240996	0	133.838	64.69	83.977	20.94027	0.06063	0.00078	0.00153	469	0.028839	-0.634766	-1.488953
469	0.593	0	0	0	0	0	0.00781	7.46995	0.00825	7.89755	8.0275963	0.00463	132.597	64.742	84.083	20.94635	0.06242	0.00111	0.00183	470	0.027618	-0.656891	-1.493988
470	1.577	0	0	0	0	0	0.00779	7.45275	0.00824	7.87984	8.0310931	0.00926	132.007	64.69	84.05	20.94027	0.06123	0.00078	0.00229	471	0.026703	-0.713043	-1.51001
471	1.094	0	0	0	0	0	0.00786	7.5216	0.00831	7.94967	8.0345898	0.00154	134.428	64.764	83.995	20.94331	0.06212	0.00081	0.00305	472	0.027771	-0.760956	-1.527863
472	0.835	0	0	0	0	0	0.00776	7.42401	0.0082	7.84897	8.0398349	0.00463	130.969	64.746	84.087	20.94483	0.06093	0.00081	0.00244	473	0.029449	-0.82016	-1.460266
473	1.606	32.343	0	0.0496696	2.47063	0.00526	0.00794	7.59144	0.00838	8.02147	8.0433317	-0.00309	136.95	64.727	83.866	20.94027	0.06033	0.00081	0.00122	474	0.03006	-0.906372	-1.341095
474	0.586	2.082	0	0.2814612	0.43821	0	0.00772	7.38505	0.00816	7.80494	8.0398349	0	129.585	64.779	83.991	20.94635	0.06063	0.00078	0.00183	475	0.033722	-1.011353	-1.259308
475	1.334	0	0	0	0	0	0.00781	7.47037	0.00825	7.89395	8.0398349	-0.00309	132.617	64.727	83.885	20.94179	0.06093	0.00078	0.00244	476	0.035858	-1.11908	-1.185455
476	1.58	0	0	0	0	0	0.0078	7.46729	0.00824	7.88822	8.0415833	-0.00309	132.495	64.76	83.808	20.94027	0.06003	0.00078	0.00259	477	0.037689	-1.227722	-1.170349
477	0.589	3.557	0	0.1655654	0.77276	0	0.00776	7.42055	0.0082	7.84047	8.0398349	-0.00463	130.847	64.746	83.866	20.94635	0.06093	0.00078	0.00183	478	0.035706	-1.287842	-1.120453
478	1.592	0	0	0	0	0	0.00786	7.52343	0.00831	7.94716	8.0398349	0.0108	134.509	64.724	83.753	20.94027	0.06033	0.00078	0.00229	479	0.035553	-1.362305	-1.024933
479	0.851	0	0	0	0	0	0.00791	7.57014	0.00836	7.99813	8.0433317	-0.00309	136.177	64.742	83.844	20.94483	0.06063	0.00078	0.00122	480	0.036926	-1.471558	-0.970154
480	1.094	0	0	0	0	0	0.00786	7.51981	0.00831	7.94745	8.0450801	0.00772	134.387	64.705	83.918	20.94331	0.06063	0.00078	0.00168	481	0.037231	-1.589813	-0.938416
481	1.829	0	0	0	0	0	0.00781	7.47413	0.00826	7.89755	8.0468284	0.00463	132.759	64.705	83.844	20.93875	0.06003	0.00078	0.00168	482	0.038605	-1.719666	-1.374664
482	0.595	0	0	0	0	0	0.00784	7.49737	0.00828	7.92172	8.0503252	-0.00926	133.593	64.687	83.808	20.94635	0.06093	0.00078	0.00214	483	0.015564	-1.413269	-1.502838
483	1.369	0	0	0	0	0	0.00801	7.66161	0.00847	8.09581	8.0538219	0.00154	139.555	64.58	83.72	20.94179	0.06033	0.00078	0.00076	484	0.007935	-1.205139	-1.529388
484	1.1	0	0	0	0	0	0.00791	7.56062	0.00835	7.98661	8.0538219	0.00463	135.892	64.598	83.628	20.94331	0.06093	0.00078	0.00107	485	0.006561	-1.062012	-1.504822
485	1.065	0	0	0	0	0	0.00765	7.31784	0.00808	7.73135	8.0573187	0.00309	127.307	64.595	83.679	20.94331	0.06063	0.00078	0.00168	486	0.007629	-0.977325	-1.464386
486	1.617	9.767	25.632	0.1655654	0.74611	0	0.00799	7.6377	0.00844	8.06685	8.0573187	0.00463	138.7	64.543	83.518	20.94027	0.06033	0.00078	0.00122	487	0.011902	-0.934906	-1.421661
487	0.84	10.145	0	0.0827827	1.55589	0.0031	0.00781	7.46624	0.00825	7.88818	8.0555703	-0.00154	132.535	64.562	83.646	20.94483	0.06093	0.00081	0.00153	488	0.014954	-0.880127	-1.378632
488	1.342	0	0	0	0	0	0.00786	7.51402	0.0083	7.93868	8.0573187	0	134.244	64.543	83.628	20.94179	0.06003	0.00078	0.00183	489	0.015106	-0.905609	-1.347198
489	1.352	0	0	0	0	0	0.00792	7.56983	0.00836	7.99797	8.0660605	0.01389	136.218	64.613	83.716	20.94179	0.06093	0.00078	0.00168	490	-0.001373	-0.927277	-1.339722
490	0.839	0	0	0	0	0	0.0078	7.46247	0.00825	7.88734	8.0678089	-0.00154	132.373	64.635	83.866	20.94483	0.06033	0.00078	0.00198	491	-0.014496	-0.892029	-1.324158
491	1.596	0	0	0	0	0	0.00788	7.54156	0.00833	7.97049	8.0713056	0.00772	135.18	64.668	83.881	20.94027	0.06063	0.00078	0.0032	492	-0.025482	-0.850677	-1.302643
492	0.845	0	0	0	0	0	0.00786	7.5181	0.0083	7.94401	8.0748024	0.00154	134.326	64.705	83.844	20.94483	0.06302	0.00081	0.00229	493	-0.034485	-0.821838	-1.281433
493	1.085	32.763	83.462	0.0331131	3.64016	0	0.00779	7.45538	0.00824	7.88021	8.0765507	0.00309	132.108	64.668	83.918	20.94331	0.06033	0.00078	0.00259	494	-0.041351	-0.779877	-1.255798
494	1.585	10.636	0	0.1490089	1.05626	0	0.00783	7.4888	0.00827	7.91389	8.0748024	-0.00309	133.288	64.687	83.863	20.94027	0.06302	0.00078	0.00137	495	-0.047607	-0.774536	-1.234283
495	0.597	0	0	0	0	0	0.00786	7.52115	0.00831	7.94721	8.0748024	-0.01234	134.428	64.724	83.863	20.94635	0.06272	0.00078	0.00229	496	-0.051117	-0.779266	-1.218262
496	1.596	0	0	0	0	0	0.00788	7.5412	0.00833	7.96762	8.0765507	0.01389	135.16	64.687	83.789	20.94027	0.06272	0.00078	0.00259	497	-0.052032	-0.778961	-1.211548
497	1.1	6.646	0	0.1655654	0.93538	0	0.00791	7.56294	0.00835	7.98975	8.0765507	-0.00309	135.933	64.705	83.771	20.94331	0.06272	0.00078	0.00198	498	-0.055237	-0.802917	-1.217346
498	1.091	0	0	0	0	0	0.00784	7.49794	0.00828	7.92314	8.0748024	-0.00463	133.614	64.687	83.844	20.94331	0.06272	0.00078	0.00183	499	-0.057373	-0.799103	-1.231384
499	1.601	0	0	0	0	0	0.00791	7.5648	0.00835	7.99093	8.0782991	0.0108	136.014	64.668	83.697	20.94027	0.06093	0.00081	0.0029	500	-0.058746	-0.827332	-1.266174
500	0.845	17.005	140.119	0.0496696	3.01535	0	0.00785	7.51183	0.0083	7.93779	8.0782991	0.00772	134.102	64.705	83.863	20.94483	0.06242	0.00078	0.00153	501	-0.057983	-0.864868	-1.303406
501	1.611	0	0	0	0	0	0.00796	7.60936	0.00841	8.04049	8.0782991	0.00772	137.622	64.668	83.808	20.94027	0.06302	0.00078	0.00198	502	-0.058136	-0.917816	-1.3414
502	0.839	0	0	0	0	0	0.0078	7.4598	0.00824	7.88159	8.0800475	0.00154	132.251	64.705	83.808	20.94483	0.06063	0.00078	0.00168	503	-0.056915	-0.952454	-1.37558
503	1.095	4.133	15.791	0.2649047	0.45918	0	0.00787	7.5244	0.00831	7.95189	8.0817958	0.00463	134.55	64.709	83.903	20.94331	0.06033	0.00078	0.00244	504	-0.054169	-0.993347	-1.407013
504	1.596	5.669	19.855	0.2814612	0.46193	0	0.00788	7.53954	0.00833	7.96709	8.0765507	0.00617	135.099	64.69	83.848	20.94027	0.06093	0.00078	0.00153	505	-0.050354	-1.035919	-1.36261
505	0.595	0	0	0	0	0	0.00784	7.50014	0.00828	7.92337	8.0782991	0.00926	133.675	64.731	83.797	20.94635	0.06003	0.00081	0.00229	506	-0.045624	-1.111908	-1.321869
506	1.613	0	0	0	0	0	0.00797	7.61993	0.00842	8.05161	8.0817958	-0.00154	137.988	64.709	83.848	20.94027	0.06302	0.00078	0.00153	507	-0.042419	-1.143188	-1.298523
507	1.094	0	0	0	0	0	0.00786	7.51716	0.0083	7.94265	8.0835442	0.01852	134.305	64.672	83.793	20.94331	0.06272	0.00078	0.00198	508	-0.040131	-1.159821	-1.257629
508	2432.168	0	0	0	0	0	0.00785	7.51183	0.0083	7.93698	8.087041	0.0108	134.102	64.705	83.826	0.20133	0.06063	0.00078	0.00229	509	-0.036621	-1.187134	-1.232605
509	2416.381	0	0	0	0	0	0.0078	7.46112	0.00824	7.88432	8.0887893	-0.00617	132.332	64.617	83.775	0.20131	0.06093	0.00078	0.00336	510	-0.032654	-1.194763	-1.220245
510	2418.729	0	0	0	0	0	0.00781	7.46992	0.00825	7.89474	8.0905377	0.01543	132.617	64.687	83.9	0.20133	0.06003	0.00078	0.0029	511	-0.029449	-1.220245	-1.181793
511	2443.346	0	0	0	0	0	0.00789	7.54553	0.00834	7.97756	8.0940344	0.00309	135.323	64.668	84.01	0.20133	0.06093	0.00078	0.00244	512	-0.025635	-1.209412	-1.114655
512	2412.903	0	0	0	0	0	0.00779	7.45119	0.00823	7.87459	8.0975312	0.00463	131.966	64.654	83.848	0.20133	0.06003	0.00078	0.00275	513	-0.024414	-1.214142	-1.091309
513	2385.599	0	0	0	0	0	0.0077	7.368	0.00814	7.78941	8.0992796	0.01234	129.016	64.705	84.028	0.20133	0.06093	0.00078	0.00183	514	-0.02121	-1.269989	-1.05423
514	2418.98	0	0	0	0	0	0.00781	7.47029	0.00826	7.89678	8.1010279	0.00463	132.637	64.668	83.955	0.20133	0.06063	0.00078	0.00092	515	-0.01236	-1.384583	-1.061554
515	2467.835	0	0	0	0	0	0.00797	7.62116	0.00842	8.05544	8.106273	0.00926	138.049	64.668	83.918	0.20133	0.06033	0.00078	0.00168	516	-0.006714	-1.456757	-1.080627
516	2453.18	0	0	0	0	0	0.00792	7.57517	0.00837	8.00893	8.1080214	0.00772	136.401	64.635	83.977	0.20134	0.06093	0.00078	0.00229	517	0.000305	-1.48407	-1.091919
517	2396.797	0	0	0	0	0	0.00774	7.40065	0.00818	7.82364	8.1080214	0.01234	130.196	64.617	83.922	0.20133	0.06003	0.00078	0.00122	518	0.003357	-1.553497	-1.095123
518	2438.567	0	0	0	0	0	0.00787	7.53077	0.00832	7.9599	8.1097698	0.00463	134.794	64.668	83.918	0.20131	0.06093	0.00078	0.00122	519	0.011597	-1.626587	-1.136475
519	2412.662	0	0	0	0	0	0.00779	7.44964	0.00824	7.87624	8.1115182	0.00463	131.925	64.617	83.958	0.20133	0.06033	0.00078	0.00381	520	0.015259	-1.668549	-1.161499
520	2427.249	146603.638	419.554	0.0165565	7.5638	0	0.00784	7.49509	0.00828	7.92263	8.1115182	0.00772	133.532	64.635	83.903	0.20131	0.06063	0.00078	0.00168	521	0.019226	-1.708527	-1.170807
521	2399.718	72470.384	0	0.0331131	3.85962	0	0.00775	7.41128	0.00819	7.83599	8.1115182	0	130.542	64.69	84.05	0.20131	0.06093	0.00078	0.00305	522	0.025024	-1.769562	-1.195526
522	2411.907	0	0	0	0	0	0.00779	7.44852	0.00823	7.87418	8.1115182	-0.00463	131.864	64.672	83.977	0.20133	0.06003	0.00078	0.00305	523	0.032501	-1.78772	-1.669006
523	2425.359	0	0	0	0	0	0.00783	7.49178	0.00828	7.91981	8.1150149	0.01697	133.37	64.749	84.054	0.20133	0.06093	0.00078	0.00336	524	0.01358	-1.347809	-1.382751
524	2425.861	0	0	0	0	0	0.00783	7.49252	0.00828	7.92104	8.1150149	-0.00154	133.41	64.713	84.035	0.20133	0.06063	0.00078	0.0029	525	0.033417	-1.527252	-1.685791
525	2427.709	0	0	0	0	0	0.00784	7.49823	0.00829	7.92626	8.1167633	-0.00309	133.614	64.713	83.999	0.20134	0.06033	0.00078	0.00244	526	0.023346	-1.18454	-1.745758
526	2427.579	0	0	0	0	0	0.00784	7.49864	0.00829	7.92827	8.12026	0.00926	133.614	64.749	84.109	0.20131	0.06093	0.00078	0.00229	527	0.021667	-0.922546	-1.711731
527	2437.669	73616.492	0	0.0331131	3.5531	0	0.00787	7.52899	0.00832	7.95837	8.1237567	-0.00926	134.712	64.713	83.98	0.20134	0.06003	0.00078	0.00183	528	0.027161	-0.743561	-1.652679
528	2414.989	9724.209	83.487	0.2483481	0	0	0.0078	7.45967	0.00824	7.88262	8.12026	0.02315	132.23	64.746	83.903	0.20134	0.00149	0.00002	0.00198	529	0.034485	-0.635529	-1.580658
529	2423.588	48794.156	195.537	0.0496696	0	0	0.00782	7.48582	0.00827	7.91231	8.12026	0.0108	133.166	64.727	83.977	0.20133	0.0015	0.00002	0.00137	530	0.041504	-0.565186	-1.520844
530	2427.247	7715.973	22.082	0.3145743	0	0	0.00784	7.49509	0.00828	7.92263	8.1185116	0.00772	133.532	64.635	83.903	0.20134	0.00148	0.00002	0.00168	531	0.019226	-1.708527	-1.170807
531	2399.717	4997.955	0	0.4801398	0	0	0.00775	7.41128	0.00819	7.83599	8.1150149	0	130.542	64.69	84.05	0.20133	0.0015	0.00002	0.00305	532	0.025024	-1.769562	-1.195526
532	2411.908	0	0	0	0	0	0.00779	7.44852	0.00823	7.87418	8.1115182	-0.00463	131.864	64.672	83.977	0.20131	0.00148	0.00002	0.00305	533	0.032501	-1.78772	-1.669006
533	2425.359	3572.914	22.505	0.6788183	0	0	0.00783	7.49178	0.00828	7.91981	8.1150149	0.01697	133.37	64.749	84.054	0.20133	0.0015	0.00002	0.00336	534	0.01358	-1.347809	-1.382751
534	2425.861	3573.653	0	0.6788183	0	0	0.00783	7.49252	0.00828	7.92104	8.1045247	-0.00154	133.41	64.713	84.035	0.20133	0.00149	0.00002	0.0029	535	0.033417	-1.527252	-1.685791
535	2427.71	0	0	0	0	0	0.00784	7.49823	0.00829	7.92626	8.1307502	-0.00309	133.614	64.713	83.999	0.20133	0.00148	0.00002	0.00244	536	0.023346	-1.18454	-1.745758
536	2427.578	182.368	0.627	13.3114607	0	0	0.00784	7.49864	0.00829	7.92827	8.1045247	0.00926	133.614	64.749	84.109	0.20133	0.0015	0.00002	0.00229	537	0.021667	-0.922546	-1.711731
